
1003.0,567.0
988.0,566.5
982.5,566.5
975.5,570.5
960.0,572.0
951.0,569.5
938.5,575.5
925.5,580.5
904.0,584.0
895.5,593.0
874.5,594.0
859.0,599.0
849.0,598.0
823.5,599.0
793.0,605.5
796.0,607.5
767.0,607.5
745.0,610.0
738.0,615.0
707.0,616.0
665.0,626.0
656.0,634.0
639.0,633.0
621.5,638.5
617.5,639.0
602.5,635.0
582.5,631.0
582.0,630.5
570.0,630.0
562.0,631.0
557.0,628.0
552.0,636.5
549.0,630.5
547.5,630.5
538.0,639.0
552.0,644.5
559.0,640.0
574.0,635.5
594.5,629.0
591.5,627.5
607.5,629.5
623.0,623.0
631.0,624.5
645.0,625.5
664.5,620.0
678.5,621.0
688.5,616.5
715.5,614.5
737.0,609.0
764.0,582.5
783.0,575.5
796.5,597.0
806.5,595.0
828.0,587.0
830.0,580.5
857.0,590.0
887.5,583.0
901.5,577.5
921.0,578.0
929.5,563.5
941.5,564.0
967.0,565.0
974.5,565.0
979.0,565.0
985.5,559.0
991.0,561.0
994.0,555.5
1016.5,539.0
1026.0,539.5
1042.0,534.0
1061.0,530.5
1073.5,526.0
1082.5,521.5
1086.0,510.0
1091.0,503.5
1095.5,503.0
1096.0,495.5
1097.0,496.5
1101.5,496.5
1091.5,499.5
1095.0,507.5
1085.0,508.0
1081.5,514.0
1080.5,511.5
1079.0,512.5
1068.5,516.0
1067.5,519.0
1063.5,521.0
1066.0,519.5
1064.0,524.0
1065.0,528.5
1054.5,533.0
1059.0,536.5
1044.0,543.0
1036.0,537.5
1026.5,540.0
1022.0,540.0
1012.5,539.0
996.5,539.0
993.0,543.0
981.5,545.0
965.5,551.0
959.5,558.0
931.5,560.0
918.5,560.5
908.5,563.0
890.0,570.0
868.0,570.0
850.0,575.0
821.0,575.5
811.0,576.5
787.0,575.5
782.0,584.5
755.0,583.0
713.5,593.5
713.5,600.0
682.5,604.0
674.5,606.0
663.5,607.5
657.5,608.5
652.5,608.0
639.5,604.0
626.0,607.5
621.0,609.0
606.0,610.0
610.0,610.5
601.5,604.0
599.0,604.5
591.0,611.5
586.0,610.5
598.5,611.5
615.5,609.5
623.0,610.5
647.0,599.0
662.5,604.0
673.0,605.5
673.5,603.0
692.5,606.5
710.5,607.0
716.0,607.0
725.0,609.0
746.5,608.0
754.5,598.5
792.0,598.0
811.0,580.0
826.0,574.5
834.0,586.0
839.0,591.5
852.0,583.5
878.0,588.0
882.0,583.5
906.0,567.5
925.0,572.5
931.5,577.5
948.0,563.0
961.5,566.0
968.0,567.5
981.0,561.0
990.5,562.0
992.5,563.5
1003.0,562.0
1009.5,558.0
1021.0,555.5
1028.5,553.0
1035.0,550.0
1045.0,547.5
1053.0,545.0
1062.5,542.5
1075.5,537.0
1091.0,533.0
1093.0,534.5
1104.0,531.5
1106.0,527.5
1111.0,529.0
1116.0,529.0
1115.0,525.5
1115.5,524.5
1113.5,522.5
1114.5,523.0
1114.0,522.0
1108.5,523.5
1110.0,523.0
1108.0,528.0
1106.5,531.0
1102.5,533.5
1092.5,533.5
1093.0,529.0
1086.5,531.5
1082.5,532.0
1070.5,525.0
1062.5,523.5
1031.0,518.5
1027.5,513.0
1016.5,513.5
1009.5,520.5
990.5,515.5
980.0,515.0
963.5,510.5
952.0,503.0
943.0,502.5
939.0,507.5
933.0,510.0
928.5,511.0
925.0,508.5
896.5,515.5
898.5,524.5
874.5,520.5
860.5,526.0
854.5,533.0
824.5,534.0
809.5,518.5
808.0,523.5
802.5,526.5
800.5,517.5
795.5,518.5
774.0,529.5
757.5,542.5
746.5,550.0
724.0,556.0
704.0,566.0
707.0,576.5
699.0,579.5
676.0,571.5
662.5,563.5
644.0,551.5
617.0,553.5
619.5,561.5
604.0,586.0
597.5,593.0
603.0,599.0
604.5,596.0
602.5,610.0
604.0,612.5
590.5,619.0
599.0,625.0
624.5,631.0
650.0,630.0
674.0,611.5
687.0,609.0
702.5,610.0
712.5,617.0
718.0,622.0
727.5,628.0
742.5,635.0
744.0,642.0
748.5,648.0
755.5,642.5
758.5,634.0
794.0,618.5
807.5,617.5
813.5,626.5
818.5,633.0
831.5,626.5
839.5,620.0
861.0,607.0
869.5,607.0
881.0,593.5
894.5,570.5
917.5,574.5
928.0,570.5
930.5,560.5
938.0,561.5
947.0,566.0
956.0,570.0
981.0,570.0
979.0,569.5
998.0,563.5
1009.5,561.5
1009.0,569.5
1006.5,572.0
1013.5,565.0
1020.0,566.0
1027.5,563.0
1032.5,559.5
1040.5,553.0
1041.5,546.0
1045.0,545.5
1046.5,546.5
1046.0,543.0
1050.5,543.0
1044.5,543.5
1051.5,540.5
1056.5,538.5
1060.0,536.5
1059.5,541.0
488.0,514.0
484.5,518.0
479.5,518.5
483.0,521.5
484.5,518.5
467.0,521.0
471.0,515.0
479.5,525.5
474.0,524.5
476.0,526.0
472.5,527.5
473.5,532.0
473.0,532.5
460.0,531.5
473.0,522.5
487.0,515.5
493.5,523.5
506.0,529.5
471.0,532.0
459.5,539.5
432.0,551.0
432.5,559.0
420.5,558.5
433.0,554.0
433.0,568.5
397.5,576.5
393.0,578.5
385.0,579.5
387.5,579.0
662.5,509.0
687.0,536.5
706.0,522.5
708.5,577.0
713.0,589.5
723.0,591.5
729.0,590.5
731.0,598.5
736.0,602.5
756.5,612.5
754.0,627.0
755.5,642.5
764.5,653.5
771.5,653.0
774.0,651.0
767.0,660.5
771.0,661.5
790.0,677.5
784.5,682.5
787.5,682.0
803.5,688.0
815.5,686.0
829.5,692.5
831.0,704.5
829.5,717.0
832.0,710.0
838.0,708.0
822.5,707.5
817.5,704.5
825.5,711.5
825.5,713.0
827.5,712.5
832.0,719.5
850.5,731.0
835.5,734.0
867.0,729.0
841.0,735.5
827.0,732.0
829.5,732.0
797.5,728.0
757.0,724.5
698.5,725.0
698.5,728.5
731.5,717.0
786.0,696.5
791.0,704.5
762.0,705.0
718.5,713.5
700.0,714.0
672.0,715.0
629.5,719.0
601.5,723.0
607.0,733.5
582.5,712.0
539.5,699.5
478.0,675.5
448.5,674.5
446.5,678.5
452.5,681.5
441.5,684.0
421.0,680.0
395.0,666.0
398.0,656.0
371.0,647.5
342.5,643.0
316.0,636.0
294.5,629.5
297.5,619.0
312.5,612.5
328.0,607.5
335.5,595.0
327.5,586.5
331.5,578.5
332.5,577.0
333.0,561.5
330.5,560.0
319.0,557.5
321.5,541.0
320.5,536.0
311.5,537.0
320.0,538.0
332.0,539.5
326.5,537.5
330.5,530.5
332.5,525.5
332.5,531.0
321.5,542.5
323.5,541.5
319.5,544.0
318.0,551.0
314.5,553.0
311.0,555.5
317.5,555.5
321.0,554.5
326.5,550.5
322.5,546.5
319.0,545.0
314.5,552.0
319.5,555.5
335.0,549.5
326.0,558.5
326.0,556.0
322.0,564.0
332.0,565.0
319.0,573.5
294.0,584.0
287.5,592.5
291.0,593.5
272.5,600.0
276.5,600.0
262.0,599.0
268.0,592.5
268.5,593.0
271.5,593.0
272.5,591.0
258.0,613.0
255.0,603.5
248.5,599.5
252.5,595.0
260.0,594.5
274.0,592.0
246.5,590.5
250.5,596.0
234.5,591.0
241.5,593.5
247.0,591.5
256.5,592.5
235.0,591.0
249.0,593.5
238.0,589.5
272.5,588.5
235.5,584.0
234.0,585.0
229.5,587.5
229.0,587.0
228.5,586.5
232.0,583.0
228.5,585.0
230.0,581.0
227.5,583.5
229.5,582.5
231.0,586.0
232.5,583.5
231.0,585.0
234.5,583.0
229.5,583.0
228.5,582.0
226.5,582.0
229.0,580.5
225.0,584.0
228.5,583.0
225.5,585.5
228.5,582.5
226.0,587.5
231.5,585.5
225.5,586.5
274.5,589.5
271.5,591.5
269.5,591.0
237.5,587.0
241.5,588.5
245.5,589.0
265.0,603.5
281.0,596.5
246.5,592.5
194.0,603.0
455.5,608.0
494.0,627.0
467.5,635.5
435.0,622.5
428.0,631.5
413.0,632.0
414.0,632.5
412.0,607.0
382.5,609.5
352.0,616.5
325.5,620.5
321.5,621.0
302.5,615.0
291.5,605.0
305.5,609.0
294.0,602.5
294.0,602.0
291.5,576.5
298.0,574.5
294.5,582.0
281.0,566.5
285.0,567.5
284.0,571.5
275.5,554.5
284.5,553.5
269.0,556.0
279.0,540.0
293.0,553.5
295.5,548.0
281.5,550.5
287.0,550.0
273.0,550.5
283.0,554.0
282.5,559.5
281.5,563.5
281.0,563.0
280.5,567.5
287.5,565.0
289.0,562.5
286.5,558.0
279.5,560.5
285.5,557.5
282.5,573.5
299.5,561.5
312.0,571.0
310.5,576.0
305.0,577.0
313.0,572.0
304.0,583.5
270.5,597.5
263.5,602.5
263.5,605.0
275.0,606.0
256.0,626.5
263.5,616.5
252.5,612.0
263.5,606.0
272.0,606.5
283.5,607.0
307.5,604.0
276.0,606.5
288.0,605.5
309.5,602.5
275.0,603.0
287.0,601.0
265.5,603.5
279.5,606.5
292.0,608.5
289.0,609.5
283.0,610.5
278.0,615.5
273.0,613.5
269.0,609.5
821.0,498.0
821.5,497.5
822.0,497.0
823.0,499.0
822.5,498.5
822.0,499.0
823.0,499.0
823.0,499.5
823.0,498.5
822.5,499.5
823.0,499.5
822.5,499.0
632.0,394.5
627.0,399.5
642.0,405.0
662.5,416.5
674.5,416.0
687.5,416.5
694.0,419.0
707.5,425.5
726.5,436.0
742.5,447.0
763.0,452.0
782.0,462.0
786.0,462.0
797.0,475.0
821.0,488.5
826.0,495.5
822.0,500.0
810.0,505.5
798.5,523.5
802.0,533.0
811.0,531.0
820.5,532.0
843.5,539.0
850.0,545.5
852.5,555.0
859.5,558.5
875.5,560.0
901.5,558.5
895.0,559.0
888.5,562.5
886.5,568.0
882.5,568.0
890.5,567.0
907.5,558.0
925.5,553.5
937.5,557.5
941.0,558.5
928.5,562.5
927.0,559.5
918.0,560.0
940.0,550.5
971.5,536.5
967.0,546.0
962.5,550.5
963.0,553.5
976.5,545.0
981.5,544.5
1019.0,543.0
1015.0,556.5
1016.0,553.0
1007.0,555.0
1013.0,557.0
1011.5,550.5
1036.0,551.0
1039.0,552.0
1042.0,556.5
1038.5,561.5
1016.5,554.0
1000.5,554.0
990.0,553.0
974.5,561.5
951.0,566.5
950.0,566.0
940.0,563.0
934.0,561.5
926.5,568.0
928.0,581.0
925.5,576.0
927.0,572.0
889.5,555.5
856.5,544.5
826.5,539.0
822.5,529.0
836.5,524.0
817.5,499.5
776.5,474.0
755.5,458.0
754.0,452.0
751.5,445.5
737.0,423.0
701.5,404.5
652.0,393.0
624.0,392.0
621.0,379.0
612.0,372.5
598.0,358.5
567.5,338.5
538.0,325.0
540.0,316.5
537.5,314.5
531.5,309.5
511.5,297.5
473.0,291.0
448.5,288.5
436.0,285.0
438.0,282.5
433.0,275.5
422.5,267.5
397.5,255.5
386.0,249.0
387.0,253.0
377.5,254.0
373.5,254.5
372.5,257.5
374.0,247.0
383.0,235.0
386.0,229.0
385.5,236.5
380.0,237.0
373.0,245.0
377.5,243.5
379.0,242.5
364.5,241.5
346.0,238.5
335.0,239.5
350.5,235.0
342.0,235.0
338.0,238.0
349.5,244.0
369.5,245.5
403.0,246.0
401.0,252.5
397.0,256.0
396.5,265.5
429.0,273.0
444.5,273.0
472.0,277.0
467.0,280.5
464.0,284.0
464.5,288.0
471.0,297.5
474.0,301.5
487.0,300.0
506.5,302.0
505.0,301.5
508.0,302.0
511.0,310.5
525.5,317.5
532.0,322.0
537.0,318.0
541.5,319.0
550.5,328.0
559.0,332.0
568.5,341.5
582.5,343.5
601.5,344.0
609.5,351.0
616.0,367.0
625.0,375.0
641.5,395.0
643.5,395.5
652.0,400.5
655.0,408.5
672.0,413.0
693.0,419.0
719.0,430.0
751.5,438.5
764.5,448.5
776.0,472.5
800.5,489.0
834.0,492.5
844.0,494.0
854.5,495.5
863.0,502.0
886.0,511.0
900.5,512.0
937.0,513.5
976.0,516.0
1025.5,512.0
1033.0,521.5
1036.0,527.0
1043.5,535.5
1038.0,538.0
1043.5,535.5
1066.0,531.0
1081.5,527.5
1087.0,535.5
1090.0,538.0
1095.5,536.0
1131.5,537.5
1141.0,539.0
1147.0,548.5
1132.5,549.0
1137.0,548.0
1129.5,545.0
1134.0,539.0
1129.0,547.5
1107.5,546.0
1090.5,541.5
1086.0,538.0
1069.5,535.0
1054.0,535.0
1062.5,539.0
1022.5,544.5
996.5,550.0
1001.5,551.5
989.5,549.5
964.0,550.5
953.5,550.0
964.5,560.5
958.5,557.0
926.0,543.5
879.0,534.0
854.5,528.5
823.0,524.0
811.0,518.0
805.5,512.0
779.0,488.5
723.5,469.0
707.5,461.5
704.0,459.0
686.0,446.0
675.5,436.0
590.0,409.0
558.5,407.5
545.0,398.5
544.0,392.5
536.5,380.5
516.0,362.5
478.5,349.0
487.0,336.0
485.0,332.0
653.0,574.5
648.0,567.5
661.5,561.0
663.5,565.5
659.5,559.0
682.0,557.0
683.5,553.5
700.5,554.0
713.0,555.0
735.0,551.0
741.5,551.0
762.5,547.5
778.5,545.5
787.0,544.0
804.0,548.0
805.5,549.5
826.0,549.5
841.0,551.0
854.5,548.5
869.0,550.0
878.0,549.5
897.0,551.5
902.0,554.5
913.0,556.0
920.5,563.5
927.0,561.0
937.5,560.5
942.0,560.5
946.5,559.0
943.0,561.0
948.0,556.5
944.5,560.0
949.5,560.0
946.0,560.0
944.0,560.0
944.5,555.5
949.0,559.5
946.5,556.0
946.5,554.0
940.5,555.5
939.0,553.0
927.0,552.5
914.0,550.0
911.0,548.5
906.5,551.5
898.0,559.5
893.5,560.5
886.0,553.0
886.0,555.0
872.5,554.5
871.0,552.5
862.0,554.0
857.0,550.0
855.0,550.5
845.0,547.0
836.5,547.5
824.0,544.5
813.5,538.0
803.5,537.5
800.0,542.5
793.5,545.0
797.0,544.5
785.5,544.0
768.5,545.0
763.0,545.0
742.5,548.0
728.5,547.0
728.5,545.0
717.0,548.0
718.5,545.5
722.0,547.5
694.5,542.5
692.0,545.5
683.5,545.0
679.0,543.5
661.0,542.5
655.0,542.5
646.0,536.5
639.0,540.0
628.0,538.5
618.5,533.0
608.0,537.0
603.0,535.5
599.0,533.5
599.0,537.0
593.5,537.5
574.0,533.0
563.0,532.0
553.5,532.5
540.5,531.0
533.0,530.5
529.0,537.0
521.5,534.0
510.5,533.0
492.5,528.5
481.5,524.0
476.0,518.5
464.0,520.0
462.5,520.5
456.0,523.0
453.5,523.5
446.5,528.0
441.5,527.5
435.5,525.5
429.0,526.5
423.5,523.5
424.0,525.5
421.0,527.5
420.0,527.5
420.5,527.0
424.0,525.5
421.5,523.0
423.0,520.5
424.0,523.0
427.0,522.5
429.5,520.5
433.0,523.5
433.5,527.0
431.5,529.0
430.5,531.5
432.0,532.0
433.5,532.5
433.5,532.5
437.5,535.0
439.0,530.5
442.5,530.5
439.5,527.5
449.5,531.0
447.5,530.5
455.5,531.5
453.0,533.5
461.0,532.5
460.0,532.0
461.0,532.0
451.0,532.0
452.5,532.0
465.5,532.5
469.0,534.5
488.0,534.5
499.0,530.0
502.5,527.5
516.0,528.5
529.0,526.0
528.5,526.0
543.5,527.0
552.5,525.0
554.5,526.0
543.5,524.5
572.0,526.0
570.0,522.5
581.0,523.0
585.0,523.5
590.5,523.5
597.5,520.5
616.5,517.5
627.5,518.5
638.0,521.5
642.0,522.5
652.5,518.5
661.5,521.0
666.5,521.0
680.0,521.5
688.0,521.0
686.5,522.0
688.0,520.0
702.0,517.0
718.0,519.0
734.0,518.5
749.0,517.5
758.5,521.0
772.0,521.0
780.0,521.0
790.0,522.0
808.0,521.0
819.5,524.0
829.5,524.5
851.5,526.0
856.0,528.0
871.0,530.0
885.0,532.0
893.5,532.5
903.5,530.0
926.0,533.0
950.0,532.5
948.5,536.5
968.0,533.0
974.5,541.0
990.0,535.5
995.0,541.5
1006.5,537.5
1023.0,532.5
1022.5,539.5
1033.5,536.5
1035.0,539.0
1033.0,536.5
1044.0,536.0
1050.0,537.5
1052.0,541.0
1053.0,540.5
1060.0,540.0
1056.0,535.0
1046.5,538.5
1048.5,538.0
1043.0,540.5
1053.0,544.0
1045.0,543.0
1039.0,544.0
1024.0,540.5
472.0,289.0
472.0,290.5
476.5,294.5
476.5,295.5
477.5,292.5
477.5,291.0
479.0,291.5
481.0,291.0
479.5,289.5
481.0,289.5
481.5,289.5
480.5,288.5
476.5,287.5
475.0,287.0
476.0,287.5
473.0,287.5
473.0,287.5
473.0,287.5
474.5,288.5
475.5,287.5
476.0,288.0
478.5,288.5
477.0,288.0
477.0,288.0
478.0,290.5
478.5,290.5
481.0,290.5
483.0,288.5
480.5,290.0
481.0,288.0
481.5,288.5
479.0,287.5
475.0,287.5
475.5,287.5
475.5,288.5
473.0,287.0
474.0,288.0
475.5,289.0
473.5,289.0
474.0,287.5
474.0,286.5
478.5,287.0
479.0,285.5
479.0,287.5
477.0,288.5
478.5,289.0
477.0,288.5
477.5,290.0
479.0,290.0
479.0,287.5
480.0,288.5
478.0,288.5
474.5,288.5
474.0,288.0
473.0,287.0
471.5,287.5
471.5,288.5
471.0,289.0
473.5,288.5
473.0,288.0
472.0,287.5
472.0,287.5
475.5,286.0
474.5,286.5
474.5,286.5
473.5,290.0
474.5,289.5
478.0,289.5
477.5,287.0
475.0,287.5
473.5,288.0
474.5,288.5
473.0,288.0
472.5,287.0
469.0,287.5
469.0,287.5
470.0,287.0
469.0,287.5
468.5,288.0
468.5,288.5
469.0,289.0
467.5,289.0
467.5,289.0
470.0,287.5
470.5,287.5
467.0,287.5
469.5,289.5
466.0,289.0
468.5,290.0
465.5,289.0
471.0,286.5
470.0,287.5
469.5,288.0
469.5,286.0
470.5,287.0
469.0,287.0
467.5,288.0
513.5,612.5
545.0,617.5
576.5,620.5
599.0,626.0
625.5,635.5
687.5,648.0
723.5,619.0
742.5,630.5
792.5,616.5
834.0,611.5
854.5,612.5
877.5,618.0
881.0,623.5
923.0,621.0
971.5,628.0
977.5,633.0
1014.5,638.0
1069.0,633.0
1110.5,629.0
1114.5,632.5
1188.5,634.5
1203.0,629.5
1211.0,619.5
1202.0,625.0
1192.0,603.5
1357.0,556.0
1336.0,560.0
1282.0,486.5
1278.0,477.5
1402.5,510.5
1414.5,560.5
1407.5,563.5
1415.0,549.0
1437.5,542.5
1439.5,553.5
1438.0,538.0
1439.0,524.0
1440.0,533.0
1446.0,526.0
1447.5,517.0
1442.0,476.5
1453.5,453.5
1438.5,429.5
1444.0,427.5
1445.5,381.0
1436.5,358.0
1433.0,355.0
1436.5,367.5
1431.5,351.0
1428.5,350.5
1417.0,365.5
1402.0,368.0
1406.0,371.0
1370.0,340.0
1358.0,326.5
1352.0,330.5
1355.0,328.5
1354.5,328.0
1357.0,338.5
1362.0,337.5
1358.5,368.0
1375.5,381.0
1375.0,391.5
1360.0,389.5
1360.5,387.5
1294.5,368.5
1280.5,350.0
1270.5,347.5
1260.0,360.5
1246.0,374.0
1250.0,356.5
1251.5,368.0
1252.0,377.5
1252.5,372.5
1254.0,382.0
1235.0,362.0
1227.0,356.5
1227.0,341.0
1231.0,319.5
1218.5,313.5
1218.5,322.0
1204.5,317.0
1202.5,323.5
1186.0,332.0
1170.0,341.0
1156.0,334.5
1132.5,342.5
1132.5,347.0
1132.0,351.0
1129.0,355.5
1114.0,358.5
1113.0,362.0
1109.0,355.5
1109.0,364.5
1108.5,358.5
1110.5,366.5
1111.5,373.5
1112.5,380.0
1108.0,373.0
1104.0,380.5
1099.0,373.5
1083.5,382.5
1077.5,389.5
1075.5,382.5
1087.0,387.5
1083.5,390.0
1080.5,394.0
1081.0,399.0
1079.5,403.0
1080.0,406.0
1082.0,396.0
1079.0,389.0
1079.0,392.5
1070.5,382.5
1032.0,376.5
1030.0,383.5
1011.0,386.0
1014.0,379.5
1009.0,396.0
1003.0,406.5
983.0,393.5
978.0,384.0
977.5,386.0
979.5,386.5
982.0,388.5
981.5,379.5
987.0,385.0
986.5,377.5
1024.5,369.5
1018.5,362.5
1023.5,368.5
1033.5,371.5
1061.0,377.5
1066.0,380.0
1071.5,383.5
1075.0,374.0
1054.0,380.5
1048.5,383.5
1040.0,385.5
1015.5,377.5
1009.5,372.5
1007.0,371.5
1005.0,369.5
1005.0,368.5
1008.0,384.5
1006.5,382.5
1004.5,380.5
997.5,380.5
995.5,381.5
997.5,382.5
1000.0,384.5
999.0,387.0
998.0,391.0
997.0,395.0
996.5,398.0
996.0,400.0
995.0,404.0
996.0,406.0
996.0,409.0
991.0,416.0
990.0,422.0
991.0,427.5
992.0,431.5
993.0,434.5
996.0,439.5
999.0,443.5
1002.0,433.5
993.0,442.5
989.0,460.5
990.0,469.5
996.0,471.5
997.0,474.5
992.0,475.5
993.0,483.5
1000.0,486.5
1003.0,488.5
1001.0,493.5
1001.0,492.5
996.0,490.5
1000.0,437.0
1004.5,434.5
1007.5,432.5
991.0,447.5
957.5,458.5
961.5,465.5
970.5,455.0
981.0,458.0
997.5,458.0
1009.5,450.0
1003.0,466.0
1016.0,454.5
1052.5,436.5
1058.5,449.0
1076.5,446.0
1090.5,434.5
1112.0,425.5
1133.5,416.0
1161.5,420.5
1202.0,412.5
1200.0,417.5
1240.5,410.0
1265.5,416.0
1275.0,418.5
1309.0,409.5
1333.0,401.0
1353.0,407.5
1376.5,400.5
1399.0,407.5
1407.0,410.5
1423.0,402.5
1438.0,395.0
1438.5,400.0
1457.5,395.5
1463.0,403.0
1468.0,398.0
1479.5,431.5
1472.5,433.5
1465.5,417.0
1456.0,410.5
1459.0,420.0
1460.5,410.5
1461.0,417.5
1462.0,424.0
1461.5,423.0
1451.0,422.0
1450.5,430.0
1450.0,438.0
1467.0,443.5
1467.5,462.5
1468.5,491.0
1466.5,512.5
1465.0,511.0
1471.5,508.5
1470.0,505.5
1467.5,519.0
1469.0,523.0
1463.5,519.0
1463.5,520.0
1464.5,516.0
1468.0,503.5
1470.5,498.5
1472.0,494.0
1470.5,494.5
1468.5,493.5
1474.0,494.0
1472.0,494.5
1469.5,494.5
1477.0,501.5
1475.5,500.0
1473.5,499.5
1473.5,491.5
1475.5,487.0
1473.0,491.0
1477.0,516.0
1474.0,530.0
1469.5,529.5
1473.0,535.5
1469.5,549.0
1467.5,554.5
1473.5,550.5
1470.5,557.5
1475.5,563.0
1473.5,560.0
1477.5,556.0
1475.0,553.5
1467.5,560.0
1467.5,556.0
1473.5,552.0
1472.0,556.0
1476.0,551.0
1474.0,555.0
1472.0,559.5
1477.0,554.0
1472.5,559.5
1471.0,555.0
1466.0,548.5
1472.5,526.5
1469.0,528.0
1472.0,556.0
1466.5,533.5
1471.5,531.0
1473.0,519.0
1469.0,578.0
1471.5,580.0
1464.0,598.0
1457.5,595.0
1469.5,620.5
1469.0,637.5
1462.5,655.5
1458.5,663.0
1463.5,694.5
1469.5,736.0
1468.0,744.0
1459.0,750.5
1459.0,737.5
1458.0,735.5
1460.0,714.0
1463.5,692.0
1467.5,693.5
1452.0,676.5
1446.5,671.0
1456.0,665.0
1461.5,691.0
1459.0,696.5
1452.0,708.0
1461.0,695.0
1471.5,685.0
1473.0,680.5
1464.5,681.0
1463.5,687.0
1463.5,693.5
1462.5,680.0
1470.5,678.0
1468.5,688.0
1468.5,700.0
1477.5,707.0
1477.5,687.5
1476.0,667.0
1473.5,655.5
1473.5,653.5
1473.0,664.5
1472.5,686.5
1474.0,712.0
1466.5,736.5
1467.0,743.0
1469.0,740.5
1468.5,752.0
1469.0,742.0
1468.5,743.0
1467.0,761.5
1464.0,760.5
1462.0,761.0
1460.5,761.0
1467.5,757.0
1466.5,753.0
1462.5,761.0
1460.0,760.5
1457.5,761.0
1464.5,756.0
1461.5,750.0
1461.0,738.0
1460.5,736.0
1461.0,732.0
1460.0,744.5
1459.0,744.5
1458.5,744.0
1458.0,745.5
1457.5,746.5
1457.0,749.5
1466.5,750.5
1465.0,732.5
1464.5,726.5
1463.0,734.5
1471.5,742.5
1467.5,738.0
1464.5,747.5
1462.0,740.0
1448.5,734.5
1448.0,746.0
1446.5,725.5
1446.0,734.0
1446.0,728.5
1446.0,738.0
1445.5,751.5
1443.5,767.5
1444.0,769.0
1442.5,772.5
1452.5,772.5
1452.0,773.5
1451.0,775.5
1451.5,765.5
1450.5,768.5
1450.0,772.5
1450.0,776.0
1459.5,776.0
1458.5,777.0
1457.5,779.0
1457.5,783.0
1465.5,779.5
1464.0,777.5
1463.0,775.5
1467.0,781.5
1464.5,777.0
1461.0,783.5
1460.5,779.5
1459.0,786.0
1463.5,788.0
1459.5,791.0
1464.0,792.5
1462.0,793.5
1459.5,793.5
1465.5,791.5
1462.5,790.0
1467.0,789.0
1464.0,795.0
1472.5,773.5
1472.0,771.5
1472.0,768.5
1463.0,758.0
1463.5,761.5
1463.0,766.5
1471.0,761.0
1472.0,763.5
1471.5,765.0
1473.5,746.5
1474.5,732.0
1482.0,722.0
1480.5,719.5
1480.5,725.0
1481.0,723.0
1475.0,729.5
1476.0,727.5
1476.0,725.5
1477.0,731.0
1478.5,740.0
1478.5,756.5
1484.0,761.5
1481.0,777.5
1479.5,785.5
1477.5,793.5
1477.5,802.0
1477.0,800.5
1476.0,799.5
1476.5,810.0
1476.0,812.5
1480.0,814.0
1478.0,816.0
1477.0,816.5
1480.5,817.5
1482.5,816.0
1483.0,815.0
1485.0,810.5
1486.0,813.0
1485.0,813.5
1482.5,815.0
1480.5,817.5
1482.5,817.0
1484.5,816.0
1480.5,817.5
1483.5,817.5
1484.5,816.5
1486.5,812.5
1487.5,798.0
1486.5,800.0
1485.0,802.5
1484.5,804.0
1487.5,804.0
1483.5,797.0
1486.0,799.5
1484.0,806.5
1485.0,812.0
1485.5,811.5
1475.0,816.5
1477.0,815.0
1479.5,817.0
1481.0,817.5
1482.5,817.5
1484.5,816.5
1482.5,818.5
1483.5,817.0
1484.0,818.0
1481.5,816.0
1477.0,816.0
1481.5,816.0
1475.0,823.0
1477.5,823.5
1476.5,817.0
1476.5,821.0
1482.0,818.0
1483.0,821.0
1482.5,823.0
1479.5,822.5
1488.0,820.0
1484.0,820.0
1486.5,823.0
1487.0,817.5
1490.5,812.5
1488.0,816.0
1483.5,821.0
1484.0,824.5
1487.5,820.0
1483.5,821.5
1487.0,821.5
1484.5,821.5
1484.0,819.0
1480.0,825.0
1484.0,824.5
1486.5,825.0
1486.5,824.0
1484.5,823.0
1482.5,822.5
1480.0,820.5
1476.0,819.5
1475.5,820.0
1483.5,819.0
1475.5,817.5
1477.5,819.5
1488.0,817.5
1485.0,817.5
1486.5,812.5
1486.0,807.0
1484.0,808.0
1488.0,810.0
1488.5,813.5
1491.0,815.5
1489.0,811.0
1488.0,807.0
1486.5,819.0
1490.5,819.5
1487.5,820.5
1487.5,820.0
1484.5,819.0
1485.0,818.5
1480.5,822.0
1470.5,823.0
1474.5,822.0
1482.0,804.5
1481.0,805.0
1486.0,803.5
1482.0,804.0
1477.5,804.5
1490.5,809.0
1489.0,807.5
1490.0,815.0
1490.0,815.0
1490.5,817.5
1492.0,819.0
1488.5,812.5
1485.5,819.0
1485.0,823.5
1486.0,824.0
1485.5,824.5
1481.0,823.5
1480.0,821.5
1481.5,820.5
1480.0,819.5
1479.0,820.5
1482.0,821.0
1482.5,822.5
1483.5,821.5
1482.5,821.5
1488.0,822.0
1492.5,822.5
1493.5,822.0
1494.0,821.0
1494.0,822.0
1495.0,821.0
1497.0,821.0
1495.0,822.0
1492.0,817.0
1492.0,813.0
1493.0,811.0
1492.0,808.0
1493.5,807.5
1494.0,810.0
1495.5,810.0
1495.5,813.5
1493.0,815.0
1494.0,813.0
1494.0,813.0
1493.0,814.0
1494.0,811.0
1493.0,812.5
1493.0,817.0
1494.0,818.0
1492.5,822.0
1493.0,821.0
1492.0,814.5
1493.5,814.5
1492.0,814.5
1492.5,822.5
1492.5,818.5
1487.5,822.5
1489.0,824.5
1486.5,824.5
1483.5,821.5
1485.0,824.0
1488.0,823.0
1488.0,822.5
1487.0,824.5
1490.0,822.0
1488.5,825.0
1487.0,824.5
1487.5,827.5
1489.0,826.5
1489.0,825.5
1487.0,825.5
1492.0,826.5
1490.5,827.0
1493.5,825.0
1493.5,825.0
1493.0,826.0
1492.0,826.5
1493.0,824.5
1493.5,824.0
1495.0,824.5
1494.0,825.5
1493.5,822.5
1495.5,825.0
1492.5,827.5
1494.5,827.5
1495.0,825.5
1496.0,823.5
1494.5,824.0
1496.0,823.5
1494.0,826.5
1495.0,826.5
1496.0,827.5
1497.0,827.0
1497.0,827.0
1497.0,822.0
1498.0,826.0
1497.0,826.0
1497.0,825.0
1495.0,825.5
1495.0,828.5
1494.0,828.0
1496.0,829.0
1495.0,828.0
1497.0,827.0
1497.0,828.0
1498.0,828.0
1497.0,829.0
1497.0,828.0
1496.0,828.0
1496.0,828.0
1495.0,829.0
1495.0,828.0
1495.0,829.0
1496.0,828.0
1497.0,827.5
1497.0,826.5
1495.0,824.0
1496.0,824.5
1496.0,825.0
1495.0,823.0
1496.0,823.5
1496.0,823.5
1496.0,825.0
1495.0,824.0
1495.0,824.0
1494.0,820.5
1496.0,822.0
1494.0,823.0
1495.0,822.5
1496.0,822.5
1495.0,825.0
1494.0,824.0
1495.0,826.0
1496.0,823.5
1494.0,822.5
1496.0,824.5
1494.0,820.0
1495.0,819.0
1495.0,819.0
1495.0,821.0
1497.0,819.5
1497.0,818.5
1497.0,817.5
1495.0,821.0
1496.0,820.0
1496.0,824.0
1496.0,820.5
1496.0,817.5
1498.0,820.5
1496.0,824.0
1497.0,827.0
1495.0,826.5
1494.0,829.0
1495.0,828.0
1493.0,827.0
1496.0,826.0
1497.0,824.0
1498.0,821.0
1496.0,819.0
1496.0,821.0
1497.0,821.5
1495.0,821.5
1496.0,820.5
1495.0,822.5
1498.0,820.5
1497.0,822.5
1497.0,819.5
1496.0,821.5
1496.0,822.0
1496.0,820.5
1496.0,822.0
1496.0,825.0
1494.0,828.5
1493.0,827.0
1493.0,829.0
1492.0,827.0
1492.0,829.0
1492.0,828.0
1493.0,827.0
1493.0,828.0
1494.0,829.0
1491.0,828.0
1492.0,827.0
1491.0,828.0
1489.0,827.0
1492.0,829.0
1488.0,828.0
1485.0,826.0
1486.0,827.0
1485.0,829.0
1488.0,827.0
1489.0,825.0
1488.0,827.0
1486.0,828.0
1486.0,827.0
1487.0,827.0
1487.0,827.0
1487.0,828.0
1487.0,828.0
1489.0,828.0
1489.0,827.0
1490.0,828.0
1489.0,827.0
1491.0,828.0
1491.5,828.0
1492.0,828.0
1493.5,829.0
1494.5,827.0
1494.5,827.0
1494.5,827.0
1494.5,827.0
1493.5,828.0
1491.5,829.0
1492.5,829.0
1492.5,828.0
1493.5,829.0
1494.5,829.0
1494.5,828.0
1494.5,829.0
1495.5,828.0
1495.5,828.0
1496.5,828.0
1496.5,828.0
1496.5,828.0
1495.5,826.0
1497.0,824.0
1497.0,823.0
1496.0,822.0
1497.0,823.0
1496.0,826.0
1497.0,823.0
1497.0,821.5
1496.0,820.5
1496.0,821.5
1497.0,819.5
1498.0,819.5
1499.0,819.5
1497.0,824.5
1496.0,826.5
1497.0,827.5
1496.0,828.0
1496.0,828.0
1495.0,827.0
1496.0,827.0
1497.0,828.0
1497.0,828.0
1496.0,828.0
1494.0,827.0
1496.0,823.0
1496.0,823.0
1497.0,824.0
1496.0,827.0
1497.0,827.0
1496.0,828.0
1496.0,827.0
1495.0,828.0
1496.0,829.0
1496.0,828.0
1497.0,827.0
1498.0,828.0
1498.0,828.0
1497.0,827.0
1497.0,829.0
1496.0,827.0
1496.0,828.0
1495.0,829.0
1496.0,828.0
1496.0,827.0
1496.0,828.0
1496.0,829.0
1495.0,828.0
1495.0,829.0
1495.0,828.0
1495.0,826.0
1496.0,828.0
1494.0,828.0
1495.0,828.0
1495.0,828.0
1493.0,829.0
1493.5,828.0
1494.5,828.0
1495.0,829.0
1493.0,827.0
1494.0,829.0
1494.0,827.0
1495.0,827.0
1496.0,828.0
1495.0,828.0
1494.0,828.0
1495.0,828.0
1495.0,828.0
1495.0,828.0
1496.0,827.0
1497.0,827.0
1496.0,828.0
1495.0,828.0
1494.0,828.0
1494.0,829.0
1496.0,828.0
1496.0,828.0
1495.0,827.0
1496.0,828.0
1495.0,828.0
1494.0,828.0
1496.0,827.0
1494.0,829.0
1496.0,827.0
1497.0,828.0
1495.0,829.0
1493.0,829.0
1491.0,830.0
1490.0,828.0
1492.0,828.0
1494.0,828.0
1496.0,826.0
1495.0,827.0
1496.0,827.0
1496.0,828.0
1495.0,828.0
1496.0,828.0
1494.0,828.0
1496.0,829.0
1495.0,828.0
1495.0,828.0
1495.0,828.0
1494.0,828.0
1495.0,827.0
1495.0,828.0
1496.0,828.0
1495.0,828.0
1495.0,826.0
1496.0,824.0
1496.0,825.0
1496.0,827.0
1494.0,827.0
1496.0,828.0
1495.0,828.0
1495.0,828.0
1496.0,827.0
1496.0,827.0
1495.0,828.0
1496.0,829.0
1497.0,827.0
1497.0,828.0
1496.0,827.0
1495.0,827.0
1495.0,828.0
1496.0,827.0
1496.0,827.0
1494.0,828.0
1495.0,829.0
1495.0,827.0
1495.0,829.0
1495.0,828.0
1495.0,828.0
1493.0,826.0
1494.0,828.0
1494.0,828.0
1493.0,830.0
1494.0,829.0
1495.0,827.0
1497.0,828.0
1497.0,827.0
1497.0,828.0
1497.0,828.0
1497.0,827.0
1496.0,827.0
1496.0,826.0
1496.0,825.0
1496.0,825.0
1497.0,827.0
1496.0,827.0
1497.0,827.0
1495.0,828.0
1496.0,828.0
1497.0,828.0
1497.0,828.0
1496.0,825.0
1496.0,825.0
1496.0,824.0
1496.0,827.0
1494.0,828.0
1496.0,827.0
1495.0,824.5
1496.0,821.5
1497.0,822.0
1497.0,823.5
1497.0,824.5
1497.0,823.0
1496.0,823.0
1495.0,826.5
1495.0,828.0
1496.0,828.0
1496.0,828.0
1495.0,829.0
1496.0,828.0
1493.0,827.0
1494.0,827.0
1492.0,827.0
1493.0,828.0
1494.0,827.0
1494.0,827.0
1494.0,828.0
1496.0,828.0
1495.0,827.0
1496.0,828.0
1494.0,829.0
1495.0,828.0
1496.0,829.0
1497.0,828.0
1497.0,829.0
1496.0,828.0
1494.0,828.0
1495.0,828.0
1496.0,828.0
1495.0,828.0
1495.0,829.0
1496.0,828.0
1495.0,828.0
1496.0,829.0
1496.0,829.0
1495.0,829.0
1496.0,827.0
1495.0,828.0
1495.0,829.0
1497.0,828.0
1497.0,828.0
1497.0,829.0
1496.0,828.0
1496.0,829.0
1497.0,828.0
1495.0,829.0
1496.0,828.0
1496.0,827.0
1495.0,829.0
1496.0,829.0
1497.0,828.0
1496.0,828.0
1497.0,828.0
1495.0,829.0
1497.0,827.0
1496.0,827.0
1497.0,827.0
1496.0,828.0
1496.0,829.0
1495.0,828.0
1495.0,829.0
1495.0,828.0
1494.0,829.0
1495.5,827.0
1495.5,829.0
1493.5,827.0
1494.5,828.0
1494.5,828.0
1495.0,830.0
1495.0,830.0
1495.0,829.0
1495.0,830.0
1496.0,830.0
1496.0,830.0
1495.0,830.0
1495.0,830.0
1495.0,829.0
1496.0,828.0
1496.0,829.0
1497.0,828.0
1496.0,828.0
1494.0,828.0
1493.0,828.0
1494.0,828.0
1495.0,830.0
1496.0,830.0
1495.0,829.0
1495.0,829.0
1495.0,829.0
1495.0,829.0
1495.0,828.0
1494.0,829.0
1495.0,828.0
1496.0,828.0
1496.0,829.0
1494.0,829.0
1495.0,829.0
1495.0,829.0
1494.0,829.0
1494.0,829.0
1494.0,828.0
1495.5,829.0
1496.5,829.0
1495.5,829.0
1495.5,829.0
1494.5,829.0
1495.5,827.0
1494.0,829.0
1495.0,828.0
1495.0,827.0
1495.5,828.0
1496.5,827.0
1495.5,827.0
1496.0,828.0
1495.0,829.0
1496.0,829.0
1496.0,828.0
1497.0,829.0
1496.0,828.0
1496.0,828.0
1496.0,829.0
1496.0,828.0
1495.0,829.0
1497.0,828.0
1495.0,829.0
1496.0,829.0
1496.0,828.0
1497.0,825.0
1497.0,824.0
1497.0,828.0
1496.0,829.0
1496.0,829.0
1496.0,828.0
1496.0,828.0
1495.0,829.0
1495.0,829.0
1495.0,828.0
1493.0,830.0
1493.0,829.0
1494.0,828.0
1495.0,829.0
1496.0,827.0
1496.0,829.0
1496.0,828.0
1497.0,829.0
1496.0,828.0
1496.0,828.0
1496.0,828.0
1496.0,828.0
1497.0,825.0
1497.0,825.0
1497.0,828.0
1495.0,829.0
1496.0,830.0
1496.0,829.0
1495.0,829.0
1496.0,829.0
1496.0,829.0
1496.0,830.0
1495.0,829.0
1496.0,829.0
1496.0,829.0
1495.0,829.0
1496.0,829.0
1496.0,830.0
1496.0,829.0
1495.0,829.0
1496.0,829.0
1496.0,829.0
1496.0,830.0
1495.0,829.0
1496.0,829.0
1496.0,829.0
1495.0,829.0
1496.0,829.0
1496.0,830.0
1496.0,829.0
1495.0,829.0
1496.0,829.0
1496.0,829.0
1496.0,830.0
1495.0,829.0
1496.0,829.0
1496.0,829.0
1495.0,829.0
1496.0,829.0
1496.0,830.0
1496.0,829.0
1495.0,829.0
1496.0,829.0
1496.0,829.0
1495.0,830.0
1496.0,829.0
1496.0,829.0
1496.0,829.0
1495.0,829.0
1496.0,830.0
1496.0,829.0
1496.0,829.0
1495.0,829.0
1496.0,829.0
1496.0,829.0
1495.0,830.0
1496.0,829.0
1496.0,829.0
1496.0,829.0
1495.0,829.0
1496.0,830.0
1496.0,829.0
1496.0,829.0
1495.0,829.0
1496.0,829.0
1496.0,829.0
1495.0,830.0
1496.0,829.0
1496.0,829.0
1496.0,829.0
1495.0,829.0
1496.0,830.0
1496.0,829.0
1496.0,829.0
1495.0,829.0
1496.0,829.0
1496.0,829.0
1495.0,830.0
1496.0,829.0
1496.0,829.0
1496.0,829.0
1495.0,829.0
1496.0,830.0
1496.0,829.0
1495.0,829.0
1496.0,829.0
1496.0,829.0
1496.0,829.0
1495.0,830.0
1496.0,829.0
1496.0,829.0
1496.0,829.0
1495.0,829.0
1496.0,830.0
1496.0,829.0
1495.0,829.0
1496.0,829.0
1496.0,829.0
1496.0,829.0
1495.0,830.0
1496.0,829.0
1496.0,829.0
1496.0,829.0
1495.0,829.0
1496.0,830.0
1496.0,829.0
1495.0,829.0
1496.0,829.0
1496.0,829.0
1496.0,829.0
1495.0,830.0
1496.0,829.0
1496.0,829.0
1496.0,829.0
1495.0,829.0
1496.0,830.0
1496.0,829.0
1495.0,829.0
1496.0,829.0
1496.0,829.0
1496.0,829.0
1495.0,830.0
1496.0,829.0
1496.0,829.0
1495.0,829.0
1496.0,829.0
1496.0,830.0
1496.0,829.0
1495.0,829.0
1496.0,829.0
861.5,362.0
861.0,369.5
848.0,369.5
824.5,382.5
815.5,420.0
825.0,429.5
826.0,429.0
835.5,423.5
830.0,422.5
824.0,420.0
826.0,419.0
828.5,414.5
829.5,421.5
832.5,428.0
845.0,428.5
865.0,433.0
881.5,442.0
871.5,439.0
868.0,431.0
921.0,439.5
950.0,442.0
979.5,453.0
1016.5,439.5
1063.5,443.0
1079.5,441.5
1130.0,464.0
1153.0,480.5
1120.0,449.5
1104.0,442.5
1017.0,444.5
1132.0,451.5
997.0,455.5
781.0,438.5
697.5,438.5
739.5,442.0
804.0,451.0
560.0,453.5
710.5,467.0
909.0,453.5
903.0,443.5
892.5,447.5
867.5,439.5
877.0,423.5
873.0,415.0
882.0,415.0
926.5,414.5
954.5,419.0
969.0,413.5
968.5,408.0
949.0,404.0
979.5,415.5
997.5,420.0
987.0,415.0
983.5,417.5
962.0,413.5
1000.5,415.0
973.0,416.0
1015.5,414.0
1061.5,419.5
1003.5,411.0
1033.5,417.0
1071.0,419.5
1083.5,437.0
1072.5,425.0
1036.5,424.0
818.0,443.5
671.5,432.5
720.5,422.0
768.5,413.5
795.0,414.5
789.5,418.0
794.0,412.0
799.0,415.5
803.0,414.5
807.5,421.0
805.5,426.0
808.0,415.0
826.5,415.0
834.0,409.0
843.5,407.0
853.0,416.0
827.0,409.0
811.0,401.0
828.5,402.0
839.5,374.5
849.0,364.0
859.5,369.5
872.0,382.5
869.5,387.0
859.5,394.0
859.0,395.0
862.0,399.0
866.5,403.0
877.5,375.5
844.5,355.0
824.5,357.5
796.5,359.0
794.0,365.0
801.0,366.0
800.0,373.5
820.5,367.0
835.5,368.0
854.0,375.0
866.0,365.5
877.5,360.0
881.5,356.0
877.0,342.5
866.5,357.5
884.0,364.0
915.0,371.0
935.0,371.5
973.5,356.0
976.5,389.0
944.0,370.0
922.0,415.0
908.0,385.0
456.0,395.0
443.5,402.5
454.5,387.5
444.0,389.5
429.5,379.0
388.0,378.5
371.0,381.0
333.0,399.0
321.5,420.5
324.5,426.0
315.5,424.0
318.5,416.0
331.0,414.5
360.0,406.5
377.5,417.0
390.0,421.5
392.0,419.5
401.0,422.5
395.0,422.5
389.5,427.0
404.0,426.0
386.5,417.0
395.5,413.5
409.5,409.0
450.0,416.5
477.5,421.0
535.5,407.5
600.5,425.5
649.5,413.5
708.5,394.0
751.5,416.5
796.5,421.5
865.5,432.0
929.0,439.5
947.5,461.5
960.5,471.0
984.5,471.5
1023.0,461.5
1050.0,443.5
1062.0,437.0
1086.0,429.5
1110.0,425.5
1140.0,418.5
1141.5,422.5
1180.0,403.5
1208.5,420.0
1241.5,432.5
1253.5,430.0
1242.0,400.5
1163.5,383.5
1179.0,374.0
836.0,464.0
788.0,476.5
827.5,485.5
874.5,444.0
889.0,418.0
801.5,397.5
732.0,419.0
710.0,424.0
732.0,422.0
761.5,418.0
752.0,428.0
733.0,430.0
767.5,426.0
788.5,418.0
784.5,422.0
796.0,422.0
806.5,420.0
803.0,420.0
849.0,418.5
870.5,423.0
852.0,422.0
872.0,433.0
919.0,422.0
939.5,423.0
948.5,427.0
960.0,428.0
953.0,422.0
955.0,425.0
953.0,420.0
964.5,426.0
994.0,419.0
1001.0,400.5
983.5,395.5
940.5,399.0
916.5,396.5
907.0,403.0
891.5,400.5
883.0,398.0
876.0,406.5
888.5,406.0
883.5,404.0
871.0,395.0
860.0,380.5
861.0,365.5
854.0,369.5
840.5,367.0
827.0,367.0
821.0,363.5
805.0,354.0
804.0,352.0
773.5,338.5
768.5,330.5
760.5,327.0
704.0,336.0
609.0,339.5
588.0,343.5
554.5,348.5
558.5,357.0
560.0,362.5
589.5,373.5
606.0,384.5
622.5,395.0
617.5,390.5
563.5,388.5
507.0,394.0
479.0,394.0
459.0,382.5
465.0,394.0
355.0,366.0
338.0,364.5
327.0,355.5
301.0,339.0
262.0,335.0
272.5,321.0
286.0,321.0
269.0,322.0
260.0,332.5
304.5,314.0
351.0,297.5
338.0,303.0
336.5,309.5
312.0,280.5
258.0,270.5
223.5,280.0
199.0,304.5
183.0,326.0
164.5,376.0
148.5,422.5
144.5,431.5
139.0,425.0
135.0,429.5
138.5,427.0
147.0,438.5
169.0,447.5
186.5,457.0
214.0,475.0
257.5,485.0
310.5,482.5
384.5,502.0
451.5,515.0
520.0,527.5
584.0,537.0
655.0,555.0
732.5,560.5
819.5,556.0
865.5,532.5
915.5,524.0
964.0,516.5
993.5,505.0
1044.0,489.5
1108.0,485.5
1118.5,472.0
1146.5,464.0
1178.5,467.0
1188.0,486.5
1204.5,484.5
1213.0,501.5
1217.5,479.5
1184.0,438.5
1098.0,416.0
1111.5,399.5
1130.0,383.5
1130.0,370.5
1134.5,366.5
1123.0,345.5
1125.5,343.5
1118.5,356.0
1001.5,372.0
868.0,363.5
831.0,391.5
840.5,419.5
877.5,435.5
913.0,420.0
970.0,425.0
991.0,422.5
960.0,420.0
920.0,418.5
868.5,408.0
844.0,406.5
823.0,411.5
833.0,414.5
837.5,412.0
849.5,408.0
887.5,404.0
925.5,406.0
958.0,406.5
959.0,413.0
949.5,411.0
958.0,412.0
941.0,412.0
915.0,415.5
919.0,407.0
929.5,366.0
929.5,354.0
918.0,352.5
906.0,356.0
901.0,356.0
918.0,361.5
937.5,365.0
951.0,373.5
956.0,371.0
974.0,360.0
971.0,371.0
947.0,349.5
962.5,339.5
978.0,339.0
987.0,345.5
974.0,343.5
960.5,345.5
948.0,353.5
938.5,367.5
927.5,373.5
890.5,371.0
844.0,374.0
796.5,376.0
699.0,376.0
677.5,388.0
677.5,380.5
673.0,385.5
670.0,391.0
666.5,399.5
663.0,393.5
637.0,399.5
627.5,399.0
614.5,396.0
606.0,381.5
611.0,379.5
613.5,375.0
619.0,374.0
611.5,360.0
607.5,350.0
590.5,327.5
577.0,299.0
610.0,304.5
586.5,281.0
573.0,263.5
563.0,258.5
553.0,258.0
554.0,244.0
551.5,231.0
611.5,226.0
560.0,206.5
557.0,198.0
561.0,203.0
564.0,196.5
608.5,190.0
610.0,189.5
566.5,192.5
562.5,190.0
364.0,162.0
386.5,147.5
359.5,147.5
340.0,132.5
318.5,134.0
296.5,120.0
321.5,122.5
315.5,179.5
189.0,546.0
194.0,559.0
210.0,578.5
250.5,574.5
317.5,565.0
383.5,547.0
478.0,549.0
546.5,573.0
610.5,558.0
653.5,543.5
704.5,553.0
786.0,541.5
835.5,551.5
918.5,553.0
963.5,566.0
1009.5,561.0
1030.5,564.5
1010.0,528.5
1018.5,495.5
1099.5,491.5
1166.5,509.0
1217.5,500.0
1235.0,469.0
1197.0,469.0
1222.5,443.5
1201.5,456.0
1189.5,441.0
1212.0,437.0
1210.5,429.5
1211.5,424.0
1218.5,419.0
1185.5,425.0
1223.5,422.5
1207.0,437.0
1180.0,432.0
1149.0,440.0
1117.0,420.5
1118.0,418.0
1123.0,415.0
1142.0,436.0
1195.5,441.5
1173.5,401.0
822.5,454.0
822.0,435.0
830.0,430.0
912.5,419.0
929.5,417.0
945.0,415.5
956.0,417.0
977.0,418.0
1002.0,415.0
1010.5,409.0
1012.5,404.0
1010.0,412.0
1028.5,415.0
1048.0,394.5
1051.0,373.0
1045.5,363.0
1039.5,367.0
1035.5,368.5
1049.5,374.0
1057.5,366.5
1045.0,369.5
1033.5,367.5
1034.5,364.0
1051.5,365.5
1043.5,359.0
1019.0,345.5
1002.0,343.0
993.5,347.0
964.0,353.0
958.0,352.0
940.5,356.5
930.5,350.0
929.0,353.0
920.5,344.5
881.5,335.5
838.0,343.5
790.5,347.5
772.5,350.0
749.0,353.0
723.5,358.0
725.0,352.0
730.5,356.5
732.0,360.0
747.0,362.0
745.0,378.5
745.0,396.0
734.0,408.5
742.0,405.5
733.0,405.5
728.0,402.0
713.0,385.5
709.0,388.5
670.0,386.0
641.0,381.5
635.0,369.5
626.5,369.5
627.5,345.0
625.0,331.5
632.0,323.0
644.0,317.0
649.0,311.5
280.5,668.0
286.5,667.5
292.0,665.5
298.5,666.5
304.0,668.0
309.5,674.5
313.5,681.5
318.5,691.5
322.5,688.5
322.5,700.5
324.0,698.0
322.0,702.0
316.0,707.0
315.5,715.0
318.0,723.0
319.5,719.5
324.5,728.5
329.5,754.0
334.5,757.5
338.5,742.5
345.5,740.0
344.5,740.0
343.5,737.5
339.5,726.5
337.0,715.5
334.0,710.5
332.0,712.5
335.5,717.5
337.0,720.5
335.0,728.5
330.5,727.0
327.5,729.0
321.5,722.0
316.5,710.0
315.5,716.5
309.5,711.5
299.5,720.5
282.5,714.5
277.0,709.0
266.5,701.5
254.0,694.0
243.0,688.0
233.0,690.5
232.5,695.0
231.5,691.0
234.0,693.5
239.5,701.5
246.0,703.0
248.5,709.0
255.0,714.0
257.5,721.0
260.5,728.0
262.0,726.0
264.5,734.5
272.0,733.0
271.5,734.5
288.5,734.5
297.0,733.0
301.5,733.5
318.0,747.5
309.5,751.5
292.0,740.5
290.5,735.5
286.0,737.0
284.0,734.0
278.5,727.0
287.0,726.0
276.0,724.0
272.5,726.5
277.0,724.5
278.0,722.5
279.0,729.5
264.0,726.0
267.5,719.0
267.0,708.0
269.5,706.0
275.5,711.0
275.5,713.5
265.5,713.0
267.0,714.5
263.0,720.0
258.5,721.0
265.0,716.5
259.0,709.0
259.0,706.5
264.0,706.0
271.0,711.5
278.5,716.0
287.0,716.0
303.5,719.0
314.5,721.0
312.0,693.0
339.0,718.0
366.5,704.0
394.5,697.5
392.0,711.0
425.5,696.5
459.5,675.0
427.0,705.5
467.5,684.5
445.0,701.0
396.0,665.0
389.0,633.0
308.0,630.5
314.5,618.5
289.5,624.0
297.0,624.0
296.5,629.5
319.5,632.0
297.5,617.0
310.5,645.5
294.0,657.0
278.0,654.5
271.0,661.5
281.5,666.0
285.5,666.0
292.5,665.0
298.5,665.0
305.0,668.0
308.5,671.0
312.5,678.0
314.5,687.0
320.0,694.5
322.0,697.5
323.5,704.5
322.0,706.5
314.0,712.5
315.0,719.5
318.5,721.5
321.0,727.5
325.5,745.5
329.5,755.0
334.0,762.5
338.0,748.0
342.5,740.5
344.5,743.5
343.0,735.5
522.0,252.5
526.5,251.0
520.0,251.5
524.0,249.0
522.5,252.0
522.0,252.0
520.5,249.0
515.0,248.5
512.0,245.0
515.0,246.0
515.0,246.5
515.5,245.0
515.0,245.5
514.5,242.5
513.0,243.0
518.0,240.5
509.0,238.5
503.0,243.5
515.0,240.5
507.0,242.0
501.5,243.5
512.5,233.5
524.5,236.5
530.0,237.0
535.0,237.0
526.0,235.5
533.0,236.5
525.5,235.5
521.5,235.0
518.0,233.0
525.5,234.5
521.0,235.5
519.0,231.5
515.0,232.0
513.0,232.5
514.5,233.5
514.5,232.5
514.5,233.0
513.5,233.5
522.0,237.0
518.5,236.5
516.5,236.5
514.0,236.0
522.5,237.0
516.0,239.0
521.5,239.5
517.5,241.0
519.0,239.5
512.0,240.5
515.0,241.0
516.0,241.0
517.0,240.5
508.0,238.0
509.0,240.0
511.5,239.0
513.0,238.0
510.5,236.5
501.5,236.0
507.0,238.0
509.0,239.0
508.0,238.5
501.0,236.5
509.0,237.5
513.0,239.0
506.0,237.5
510.0,239.5
513.5,240.5
507.5,237.0
502.0,234.0
498.0,234.0
494.5,231.5
492.0,231.0
490.0,230.0
489.0,229.0
498.5,231.5
494.0,232.0
492.0,230.0
494.0,230.0
482.0,225.5
497.5,231.5
511.0,236.5
517.5,243.5
514.5,238.0
507.5,239.5
511.5,242.5
512.0,242.0
514.0,247.5
517.5,250.5
519.5,247.5
521.5,248.5
521.5,251.5
519.5,256.5
518.5,256.5
519.0,258.5
531.5,257.5
527.5,268.5
534.5,267.5
529.0,260.5
524.0,249.5
521.0,253.0
499.0,248.0
499.0,236.0
521.0,225.5
540.0,231.5
552.0,232.0
560.0,232.5
547.0,231.0
541.0,228.5
550.0,228.5
559.5,227.5
548.0,225.0
555.0,224.5
547.0,222.5
543.5,218.5
540.5,218.0
549.5,218.5
544.0,218.0
539.0,217.0
537.0,215.5
542.0,216.0
534.5,218.0
542.5,217.0
538.5,218.5
543.5,219.0
539.0,219.0
543.5,219.5
539.5,221.5
535.0,219.5
535.0,219.5
533.5,218.5
531.5,219.0
542.5,219.5
535.5,221.5
543.0,221.5
535.5,222.0
535.5,221.0
531.5,224.0
541.5,224.0
536.0,225.0
531.5,223.5
540.0,224.0
535.0,225.0
533.0,224.0
528.5,222.5
527.5,223.0
527.0,222.5
527.0,220.0
524.5,220.5
523.0,218.0
520.5,221.5
533.5,224.0
532.5,223.5
532.0,222.5
532.5,220.0
530.5,221.5
531.0,220.0
536.5,230.0
531.5,226.5
523.5,227.5
526.5,231.5
519.5,230.0
514.0,231.5
519.5,231.5
513.5,231.0
510.0,231.0
519.5,231.0
512.5,230.5
518.0,231.0
515.0,227.5
520.0,226.5
525.0,224.0
527.5,224.5
521.0,221.5
525.5,222.0
526.0,220.5
526.0,221.5
518.5,217.0
523.0,215.5
517.5,216.0
514.5,209.0
506.5,209.0
518.0,212.0
509.0,209.5
513.0,210.5
515.5,210.0
516.0,208.0
517.0,206.5
515.5,206.0
516.5,206.5
512.5,205.0
512.0,205.0
512.0,200.0
510.0,203.5
523.5,206.0
522.0,205.5
519.0,205.0
517.5,204.5
518.5,205.5
517.0,205.0
517.0,204.5
518.0,204.0
518.0,204.0
520.0,203.5
512.5,201.0
518.5,201.0
510.0,200.0
515.5,201.0
514.5,203.5
514.0,204.0
505.0,197.5
515.0,205.0
512.5,205.0
513.0,205.5
520.0,210.5
516.5,211.0
525.0,214.0
521.0,213.0
517.0,214.5
515.0,216.5
512.0,215.5
510.5,215.5
516.5,219.0
522.0,222.5
526.5,219.5
528.5,221.0
522.0,220.0
524.0,220.0
515.5,215.5
501.5,213.5
497.0,209.0
492.0,207.5
487.5,206.0
500.0,213.5
496.0,209.0
501.5,217.5
505.5,213.5
499.0,212.0
496.5,207.0
506.0,214.0
503.5,207.0
500.0,207.0
508.5,214.0
511.5,214.5
514.5,213.5
514.5,215.0
515.5,212.0
517.0,211.5
515.5,210.0
516.5,210.0
516.0,210.5
516.0,210.0
515.0,211.0
514.0,210.0
513.5,211.5
513.5,208.5
511.5,209.5
511.5,209.5
509.0,210.5
509.0,209.0
507.5,211.0
506.0,211.5
505.5,211.0
505.0,211.5
505.0,213.5
494.5,211.5
499.5,211.5
499.5,213.0
501.5,215.0
496.5,216.5
473.5,210.0
479.5,214.5
476.5,216.0
533.0,292.5
532.5,293.5
533.0,293.0
532.5,291.5
529.5,292.5
529.5,292.5
528.0,293.0
529.5,294.0
529.0,295.0
527.5,295.5
526.5,297.0
525.0,297.0
528.5,297.0
527.0,296.0
528.0,297.5
527.0,297.0
529.0,298.0
531.5,298.0
531.0,297.0
531.5,297.0
532.5,296.0
532.5,294.5
532.0,294.5
532.5,294.5
532.0,292.5
530.5,291.0
529.0,292.0
529.0,291.5
529.5,293.0
529.5,297.5
528.5,297.5
528.0,298.5
527.0,298.0
526.0,297.0
527.0,297.0
525.0,295.0
528.5,297.5
528.0,296.5
529.0,296.0
531.0,297.0
532.5,297.0
533.0,294.0
535.0,293.0
532.5,293.5
531.5,292.0
529.0,291.0
528.5,291.5
529.0,292.0
528.5,294.0
530.0,296.0
529.5,297.5
527.0,297.5
525.0,296.0
526.0,296.0
525.5,295.5
525.5,297.0
527.0,297.0
528.5,296.5
529.0,296.0
529.0,295.0
530.5,295.5
531.5,294.5
531.5,295.0
531.0,294.0
533.5,293.5
531.5,292.5
531.0,293.0
531.5,291.0
529.5,289.5
529.0,289.0
528.5,291.0
527.0,292.5
526.5,294.5
526.5,295.5
525.5,294.5
525.5,295.0
526.0,295.0
527.5,296.5
527.5,295.0
529.5,295.5
530.0,294.5
531.0,293.0
529.5,291.5
368.0,272.0
360.5,277.0
359.5,272.5
354.0,276.5
354.0,273.5
348.5,280.5
351.0,280.5
352.0,282.5
342.0,292.5
345.5,295.0
344.5,304.5
334.5,317.0
328.5,317.0
314.5,330.5
313.5,333.0
316.0,345.5
315.0,340.5
315.5,340.0
309.0,337.5
308.5,357.0
306.5,360.0
320.0,361.5
316.0,379.0
323.5,383.5
335.5,392.5
340.0,397.5
335.0,415.0
419.5,416.5
438.0,429.0
455.0,415.5
520.0,373.5
554.5,370.0
570.0,369.0
587.5,372.0
604.5,375.5
613.5,380.0
628.0,382.0
637.5,390.5
637.5,406.0
636.5,409.0
642.5,403.0
647.0,397.0
645.5,395.5
645.0,381.5
645.0,383.5
644.5,380.0
641.0,368.0
636.5,355.5
629.0,352.5
632.0,350.0
629.0,348.0
628.5,346.5
626.5,346.5
617.5,342.0
628.5,336.5
630.0,333.5
637.0,342.5
642.0,322.5
577.0,323.5
543.5,333.5
522.5,328.5
506.0,326.0
519.5,325.0
508.5,321.5
483.0,309.5
483.0,314.0
479.0,319.0
471.0,301.0
479.5,304.5
485.0,290.0
505.0,282.0
470.0,287.5
475.5,283.0
453.5,285.0
385.5,270.5
384.5,268.0
381.0,264.0
380.5,262.0
380.0,261.5
377.5,262.5
377.5,264.5
375.5,261.5
377.0,262.0
379.0,263.5
371.0,267.0
360.5,285.5
361.5,287.5
362.0,288.5
352.0,289.5
351.5,308.5
343.0,308.0
339.0,309.5
346.0,314.0
340.0,330.5
348.0,327.0
389.5,302.5
385.5,303.0
378.5,303.0
379.0,303.5
374.0,310.5
371.0,318.5
366.5,330.5
369.0,326.5
371.5,329.0
360.5,336.5
354.5,354.0
347.5,366.0
346.0,367.0
354.5,363.5
361.5,362.5
368.0,365.5
376.5,366.5
380.0,367.0
392.5,377.0
382.5,377.5
386.5,378.0
391.5,390.0
443.0,400.5
483.5,409.0
479.0,408.0
493.0,408.5
496.0,403.0
522.5,408.0
548.0,413.0
554.0,414.5
546.0,409.5
565.0,405.5
579.0,407.5
604.0,409.0
634.0,391.0
638.0,394.5
660.0,395.5
661.5,405.0
667.5,411.0
667.0,408.0
664.5,403.5
664.0,404.5
658.5,396.5
657.5,388.0
651.0,373.5
647.0,368.5
657.5,386.0
655.5,383.5
646.0,377.0
634.5,369.5
625.0,355.0
629.5,346.0
639.0,357.5
628.5,349.5
634.5,347.0
624.5,343.0
617.5,339.0
625.0,331.5
600.0,333.0
606.0,324.5
540.5,309.0
506.0,310.0
493.5,304.0
514.5,325.5
520.5,318.5
523.5,321.5
546.0,318.0
512.5,306.0
506.5,308.5
474.0,297.5
453.5,295.0
427.0,290.5
417.5,285.5
413.5,288.5
406.0,294.5
404.5,295.0
401.5,293.5
401.5,297.5
399.0,298.0
397.5,303.5
391.0,303.5
393.5,309.0
390.5,308.5
389.5,310.0
388.5,315.0
386.0,318.0
383.5,320.0
379.0,325.0
371.5,331.5
373.0,335.0
379.5,337.0
385.0,339.0
387.5,340.5
391.5,351.5
403.5,355.0
409.5,355.5
415.5,357.0
424.0,361.0
470.0,367.5
418.0,367.5
408.5,365.0
420.0,375.0
441.5,403.0
495.0,387.0
546.5,385.5
538.5,395.0
556.0,400.5
551.0,402.5
549.5,400.0
569.0,394.0
559.0,389.5
573.5,390.5
593.0,394.5
610.0,391.5
620.0,394.5
629.0,393.5
631.5,399.0
631.0,399.5
619.0,398.5
621.0,391.5
618.5,382.5
616.5,379.0
613.5,375.5
613.0,372.0
610.0,376.5
604.0,377.5
599.0,372.5
604.5,361.5
589.5,365.0
578.0,371.5
569.5,362.0
554.5,367.0
560.5,369.5
554.0,373.0
559.0,360.5
563.5,363.5
568.5,363.5
586.0,363.5
604.0,364.0
601.5,366.5
602.0,369.5
612.0,373.5
605.0,378.0
603.5,379.0
562.5,388.0
544.0,378.5
529.5,372.5
501.0,376.5
489.5,384.0
488.5,377.5
479.5,384.5
445.5,391.5
407.5,370.5
398.5,366.5
374.0,361.0
370.0,359.5
359.0,357.5
341.5,362.5
326.0,356.5
318.5,362.0
294.5,358.5
294.0,351.5
295.5,349.5
298.0,348.0
288.5,349.0
273.5,348.0
256.5,352.5
250.5,341.5
264.5,343.5
264.5,346.5
264.5,349.0                                                                                                                                                                                                                                                                                                                                                                                                                                                                                                                                                                                    
503.5,282.0
505.5,287.0
505.5,288.5
509.0,292.0
511.0,295.5
514.0,298.0
517.5,300.5
518.5,297.0
518.0,295.0
520.0,298.5
515.0,303.5
516.0,292.5
525.0,291.0
524.0,287.5
523.0,285.5
519.5,284.0
515.5,283.5
510.0,281.0
505.0,281.0
502.0,282.5
502.0,287.0
504.5,289.0
507.5,291.0
511.5,295.0
514.0,299.0
516.5,299.0
515.0,296.5
515.5,293.5
515.5,295.0
517.0,295.0
517.0,291.5
514.0,296.0
514.5,291.0
515.0,292.5
516.0,291.0
519.0,289.0
521.0,287.5
518.5,285.0
515.0,283.5
514.0,283.0
510.5,284.5
507.5,284.0
506.5,286.0
509.5,291.0
509.0,292.5
511.5,294.5
513.0,295.5
514.0,295.5
517.5,294.5
516.0,292.0
515.5,293.0
517.0,289.0
515.0,291.0
505.5,280.5
505.0,283.0
504.5,285.0
512.5,294.5
516.5,299.5
519.0,300.5
523.0,302.0
523.0,300.5
524.5,298.0
526.5,295.5
525.0,290.5
527.0,286.5
530.0,288.0
526.5,286.0
527.5,285.0
524.5,285.0
520.5,282.0
514.0,280.0
508.0,278.5
505.0,281.0
504.5,285.5
504.5,286.5
505.0,286.5
514.5,297.0
519.0,301.0
521.0,302.0
520.0,304.0
523.5,300.5
523.5,299.0
524.0,297.5
524.0,296.5
524.0,296.0
524.0,296.0
521.5,296.0
526.5,292.0
525.5,289.0
524.5,287.5
522.0,285.0
519.0,284.5
515.5,283.5
511.0,282.0
509.5,282.0
507.0,285.0
508.0,287.0
509.0,288.0
513.0,292.0
517.0,297.0
519.5,301.0
523.5,300.5
523.5,298.0
524.5,296.0
526.5,296.5
526.5,292.0
507.0,281.0
506.0,284.5
506.0,286.0
510.5,294.5
517.0,299.5
520.5,301.0
525.5,300.5
525.5,299.0
527.5,297.5
529.0,297.0
527.5,291.0
529.5,288.5
532.0,289.5
529.5,288.0
528.5,286.0
525.0,285.5
520.5,283.5
514.0,280.0
510.0,280.0
506.5,281.5
506.0,286.5
506.0,288.5
506.0,288.5
516.0,299.0
519.5,302.0
523.0,302.5
522.5,301.0
524.5,300.5
525.0,301.0
526.0,299.5
526.5,298.5
527.5,297.5
527.0,298.0
523.5,296.5
529.5,293.5
527.5,291.0
526.5,289.0
525.0,285.5
520.5,284.0
517.0,283.5
513.0,283.5
511.0,282.5
508.5,285.5
510.5,287.5
512.0,290.5
514.5,294.5
520.0,298.5
523.0,302.5
526.0,300.5
524.5,299.0
526.5,297.5
527.0,298.0
527.5,293.5
828.0,492.5
830.5,497.0
831.0,498.0
830.5,497.5
832.0,499.5
830.5,498.5
830.5,498.5
830.5,498.0
830.5,499.5
830.5,499.0
830.5,499.0
830.5,498.0
641.0,395.5
636.0,399.0
648.0,405.5
664.5,415.0
678.0,415.0
688.0,415.5
699.0,416.5
713.0,426.5
727.5,435.5
745.0,445.5
764.0,451.0
786.5,461.0
791.5,461.5
802.5,473.5
821.5,486.0
829.5,493.0
826.5,500.5
812.0,509.0
801.0,523.0
801.5,532.5
815.0,530.5
827.5,531.5
846.0,535.0
859.0,545.0
858.0,555.0
867.5,558.0
886.0,559.0
904.5,559.5
904.0,557.5
895.5,564.5
896.0,569.0
892.0,573.5
899.0,567.0
913.5,562.5
938.5,557.0
944.0,560.0
951.5,562.0
938.5,570.5
944.0,561.5
935.0,561.5
945.5,552.0
969.0,541.5
974.0,546.5
976.0,553.5
975.0,554.0
978.5,545.5
996.0,550.5
1026.0,549.0
1020.5,554.0
1016.5,554.0
1012.0,558.0
1016.0,555.5
1015.0,555.5
1042.0,551.0
1043.0,556.5
1048.5,559.0
1042.5,559.5
1022.5,556.0
1006.0,551.0
997.5,551.0
980.5,559.0
958.5,564.0
955.5,567.0
944.0,560.0
938.5,566.0
934.5,568.0
930.5,576.5
935.0,577.0
931.5,573.5
894.0,557.5
869.0,547.0
837.5,543.0
836.0,529.0
837.5,521.0
823.5,499.0
784.0,470.5
766.0,458.0
763.5,451.0
754.0,442.0
744.0,424.0
708.0,403.5
660.5,393.5
636.0,387.0
633.5,377.5
623.0,367.5
606.5,355.0
577.0,343.5
545.0,323.0
547.0,316.0
545.5,316.5
537.0,311.5
516.0,300.0
478.5,288.5
460.0,287.0
443.5,282.5
442.5,282.0
439.0,277.0
424.5,267.0
401.0,258.0
386.5,250.5
385.5,249.5
378.0,256.0
371.0,254.5
373.5,257.5
377.0,244.5
381.0,235.0
387.0,229.0
385.0,237.5
384.0,242.0
374.0,245.0
378.5,245.0
375.5,244.0
356.5,240.0
341.5,239.5
326.5,235.5
347.0,233.5
329.5,234.5
330.5,237.5
331.5,243.0
338.0,244.0
351.0,243.5
359.5,246.5
376.0,250.5
395.5,265.0
417.0,270.0
452.5,271.5
471.0,277.0
468.5,281.0
468.0,281.5
472.0,287.5
476.0,297.0
479.0,300.5
489.5,302.0
509.5,299.5
509.0,299.0
512.5,300.5
514.5,312.0
528.5,318.5
536.0,321.0
541.0,319.5
544.5,320.0
552.0,327.5
563.5,334.0
571.5,339.5
585.5,344.0
604.5,344.0
612.5,351.0
621.0,364.5
631.0,375.0
644.0,392.5
648.5,395.0
654.5,397.5
661.0,407.5
674.0,412.5
698.0,421.0
722.0,427.0
755.0,437.0
772.5,450.0
783.0,470.5
809.0,485.0
838.5,492.0
849.0,492.5
859.0,499.5
866.5,502.5
888.5,512.5
905.5,513.5
939.0,512.0
984.0,513.5
1031.0,513.5
1041.0,521.5
1042.0,531.0
1049.5,535.0
1049.0,536.5
1055.0,536.5
1080.0,533.0
1087.0,532.5
1094.5,535.0
1098.5,542.0
1101.0,541.5
1136.0,540.0
1148.0,546.5
1145.0,553.0
1139.0,547.5
1140.5,550.0
1130.5,543.5
1139.0,541.5
1135.0,549.0
1110.0,544.0
1094.0,543.0
1088.0,541.0
1072.5,536.0
1064.0,536.0
1071.0,542.0
1031.0,545.5
1008.5,550.5
1001.5,551.5
997.0,552.0
968.5,551.0
959.0,547.0
967.0,559.5
965.5,555.0
925.0,543.5
890.5,537.0
862.0,529.5
835.0,523.5
819.5,514.0
815.5,509.5
791.5,488.0
731.0,469.0
718.0,462.0
708.0,455.0
691.0,444.0
678.0,432.5
602.0,410.5
564.0,404.0
556.0,394.0
552.5,389.0
544.0,378.5
517.5,361.0
483.5,348.0
491.0,333.5
489.5,329.5
155.0,231.0
168.5,229.5
178.0,234.0
190.5,232.0
195.5,234.5
195.0,225.5
194.5,223.0
195.5,220.0
195.5,208.0
190.5,195.0
183.5,192.0
171.0,191.0
160.0,186.0
153.0,184.5
153.5,181.0
156.5,176.0
157.0,172.5
149.5,168.5
149.5,167.0
145.0,163.5
141.0,159.5
137.0,159.5
134.0,158.0
130.5,157.0
118.0,155.5
111.0,155.0
106.0,157.0
101.0,160.0
92.0,163.5
79.5,161.5
75.0,164.0
69.5,165.5
62.0,167.0
56.0,175.0
49.5,178.0
49.5,179.0
49.5,189.0
55.0,199.5
58.5,204.0
63.0,215.0
70.0,229.5
76.5,235.5
104.0,247.5
112.5,257.0
122.5,258.5
138.0,253.5
155.0,259.0
152.5,262.0
141.5,274.5
101.0,275.0
77.5,276.5
53.0,282.0
38.0,293.5
140.0,246.0
158.0,223.5
158.5,211.5
147.5,209.5
141.0,208.0
136.5,209.5
130.0,204.5
128.0,195.5
116.5,203.5
114.0,199.5
119.0,190.5
120.0,183.0
120.0,180.5
120.0,185.5
125.0,180.0
127.0,183.5
135.5,182.5
143.5,181.5
152.0,172.5
155.0,168.5
164.0,167.0
170.0,167.0
170.5,168.5
173.0,174.0
182.0,175.5
185.0,181.0
186.5,190.0
186.5,190.5
191.5,198.5
193.5,198.0
191.5,201.0
197.5,203.0
189.5,203.5
189.5,209.0
185.0,220.5
179.5,232.0
177.5,244.0
144.5,267.5
131.0,280.5
120.0,290.0
106.5,298.5
109.5,310.5
109.5,323.5
128.0,327.0
132.0,321.0
128.5,317.5
160.5,311.5
174.5,315.5
183.5,317.5
193.5,292.5
100.5,232.0
109.0,221.5
126.5,217.5
136.0,218.0
131.0,208.0
131.0,192.0
135.0,190.0
144.0,183.0
150.0,173.5
158.5,171.0
159.5,167.0
152.5,159.0
156.5,151.5
160.0,143.0
165.5,140.0
172.0,131.5
171.0,127.0
165.5,122.0
149.0,120.0
146.5,117.5
130.5,114.5
110.5,114.0
103.5,114.5
96.0,115.5
80.0,115.5
73.5,118.5
72.0,120.0
68.0,122.5
60.0,118.5
52.5,123.5
52.0,125.0
48.0,130.0
49.0,128.5
45.0,144.5
50.5,156.5
59.0,168.0
95.5,185.5
105.0,198.5
111.5,203.0
128.0,211.0
138.5,221.5
153.0,219.0
163.0,202.5
172.5,201.0
185.0,208.0
173.0,206.5
148.5,214.0
114.5,226.0
75.0,233.0
54.0,248.0
45.0,247.0
40.5,260.0
48.5,274.0
112.5,252.5
95.0,248.5
84.5,235.5
115.0,153.5
110.5,153.5
106.5,155.5
100.5,158.5
91.0,162.5
82.0,161.5
74.0,163.0
70.5,164.0
59.5,166.0
57.5,170.5
57.0,173.5
54.0,178.0
49.0,191.0
53.5,200.5
59.5,205.5
63.0,219.5
69.0,233.5
78.0,238.0
84.5,242.5
100.5,254.0
100.0,266.5
124.5,253.5
144.0,261.5
148.5,265.0
122.5,275.0
92.0,274.0
68.5,273.0
72.0,275.5
159.0,238.0
161.5,228.5
138.5,229.5
131.5,219.5
129.0,216.5
112.0,219.5
110.5,224.0
113.0,216.5
111.5,208.0
112.0,206.0
111.5,197.5
115.5,187.5
115.0,179.0
114.5,177.0
117.0,181.0
121.0,178.5
126.0,181.5
132.5,180.0
138.5,179.0
149.5,173.0
154.0,166.5
165.0,163.0
168.5,165.5
170.0,166.0
173.0,171.5
179.5,172.0
185.0,179.5
185.5,187.5
184.5,189.0
192.5,197.5
195.0,197.0
193.0,202.0
195.0,206.5
189.5,205.0
189.0,213.0
182.5,222.5
178.5,238.0
168.0,251.0
132.5,276.0
118.5,290.5
121.5,292.5
112.5,297.5
124.5,306.0
137.5,311.5
140.5,320.5
133.5,319.5
138.5,313.5
168.0,307.5
177.0,311.0
181.5,312.0
189.5,269.5
94.0,226.5
109.0,219.0
128.0,215.0
134.0,216.0
131.5,206.0
132.0,186.5
136.0,186.5
148.5,177.0
152.5,171.0
160.5,166.5
161.5,166.0
153.5,158.0
156.0,149.0
159.0,141.5
167.0,137.0
171.0,129.0
169.5,123.5
164.5,119.5
155.0,117.5
143.0,114.5
129.0,112.5
111.5,111.0
102.5,112.0
96.0,112.5
80.0,114.0
74.0,116.0
71.0,117.5
67.5,120.5
59.5,119.0
53.0,124.5
50.5,124.5
49.0,126.0
49.0,125.5
52.0,138.0
50.5,152.0
59.5,155.5
87.5,181.0
107.5,197.5
111.5,203.0
124.5,211.0
135.0,222.0
118.5,253.0
70.0,242.5
50.5,227.0
51.0,225.5
52.5,223.0
69.0,236.0
465.5,529.0
469.0,532.0
460.5,525.5
459.0,525.5
462.5,523.0
452.0,523.0
448.5,525.5
459.0,528.0
456.0,532.0
454.0,532.0
460.0,528.5
465.5,532.0
475.5,529.0
484.5,534.0
498.0,532.5
515.0,533.5
479.0,552.0
477.5,558.0
481.0,546.0
418.5,566.5
432.0,564.5
408.0,580.0
415.0,579.0
415.5,582.5
433.0,587.0
406.0,591.0
378.5,589.5
378.5,589.0
395.0,588.0
369.5,584.5
390.5,582.5
682.0,579.0
710.5,595.5
723.5,606.0
729.0,616.0
731.0,612.5
726.5,614.0
730.5,615.0
746.0,624.0
747.5,634.0
755.5,654.0
759.0,664.0
771.5,671.5
765.5,663.0
774.5,665.0
773.0,667.0
787.5,681.0
786.0,676.5
790.0,679.0
800.0,684.5
818.0,685.0
832.5,683.5
843.0,698.0
832.5,710.5
840.5,714.0
834.0,715.5
819.5,716.5
815.0,717.5
826.0,711.0
825.5,714.0
828.0,714.0
823.5,721.0
845.0,732.0
840.5,728.0
866.0,727.0
858.0,725.0
829.5,730.0
818.0,727.5
792.5,723.5
753.5,724.5
707.5,725.5
731.0,724.0
730.5,720.0
773.0,714.0
773.5,716.5
754.5,722.5
736.5,722.0
692.0,724.5
672.0,726.0
636.0,721.0
636.0,724.0
613.5,733.0
609.5,717.0
588.0,694.0
520.0,682.0
452.0,678.0
465.0,666.5
473.0,681.5
454.5,684.5
444.5,683.0
426.0,666.5
410.0,656.5
389.0,644.0
363.5,640.0
332.5,642.5
319.0,625.5
301.0,621.5
321.0,620.5
342.5,612.0
351.5,604.0
343.0,593.0
334.0,579.5
335.5,588.0
330.5,575.5
319.5,567.0
311.0,563.0
305.5,562.0
303.5,562.5
293.5,563.5
289.5,555.0
297.0,557.5
297.0,547.0
299.0,544.0
299.5,542.5
306.5,541.0
289.0,547.5
304.5,549.0
309.0,548.0
305.5,551.5
292.0,557.5
305.0,554.5
316.5,553.0
333.5,555.0
351.0,551.0
365.5,548.0
378.0,550.0
398.0,550.0
404.5,557.0
417.0,545.5
462.0,556.0
493.0,555.5
540.5,551.0
548.0,550.0
558.0,556.5
573.5,557.5
582.0,571.0
581.5,569.0
598.5,571.5
608.0,567.0
620.0,571.5
613.5,578.0
614.0,601.0
611.5,606.5
616.0,619.5
626.0,617.0
634.0,620.5
638.5,623.0
652.5,624.5
657.5,628.5
662.5,649.5
665.0,668.0
677.0,668.5
685.5,665.5
698.5,661.5
712.5,668.0
725.5,679.0
742.0,698.0
739.0,702.5
755.0,704.0
770.0,702.0
784.5,701.5
815.5,699.5
842.5,705.5
846.5,711.0
855.0,725.5
849.5,730.0
860.0,730.5
863.5,729.0
868.0,729.5
867.0,729.0
873.5,721.0
878.0,732.5
876.0,731.0
880.0,741.5
895.0,747.0
904.5,744.0
850.5,747.0
835.0,744.0
833.5,744.5
776.0,737.0
753.0,730.0
752.5,733.5
771.0,720.5
806.0,715.0
823.5,717.5
802.5,718.0
770.0,728.0
744.5,720.5
717.5,725.5
680.0,725.0
687.0,729.5
644.0,730.0
622.0,719.0
617.0,723.0
601.5,711.5
527.5,698.0
507.0,676.5
475.0,682.5
487.0,672.5
466.5,676.5
468.5,660.0
451.5,660.5
445.5,632.5
403.5,628.0
385.0,624.0
357.5,620.0
349.0,626.5
314.5,621.5
305.0,615.0
319.5,614.0
313.5,610.0
308.5,608.5
304.5,595.5
289.0,589.5
298.5,591.5
285.5,583.0
286.0,584.0
272.0,575.0
272.0,567.5
262.0,570.5
263.5,568.5
254.5,566.0
253.5,560.0
254.0,560.5
255.0,563.5
252.5,561.0
251.0,561.0
260.0,559.5
265.5,565.5
266.5,568.5
258.5,572.5
256.5,572.0
250.5,573.5
254.5,571.0
302.5,560.5
275.5,569.5
263.0,564.5
261.5,586.0
300.0,580.0
281.5,586.5
272.5,595.0
278.5,593.5
262.5,600.5
251.0,621.5
249.5,621.0
246.5,620.0
263.0,613.5
250.0,620.5
267.0,621.0
243.0,632.0
253.5,619.5
237.0,632.0
242.5,618.0
251.0,627.5
268.5,615.5
293.0,628.5
263.0,616.0
277.0,629.0
245.0,617.0
264.0,611.0
252.5,624.0
257.0,615.0
265.0,612.0
253.0,607.0
240.0,603.0
233.0,601.0
225.0,594.0
216.0,587.0
316.5,227.0
318.0,227.0
319.0,228.0
319.0,228.5
319.0,227.5
314.0,229.5
310.0,228.5
305.5,229.5
300.0,227.5
298.0,229.0
300.0,230.5
300.5,230.0
293.5,231.5
290.0,231.0
280.0,231.5
274.5,230.0
270.5,230.0
264.5,230.5
270.0,230.5
260.5,230.0
252.5,230.5
250.0,230.0
246.5,229.5
246.5,228.0
246.5,230.5
245.0,232.0
245.0,231.0
246.0,232.5
243.5,234.5
241.0,233.5
240.5,235.5
239.5,236.5
246.5,238.5
241.0,237.0
249.0,239.5
242.0,240.0
242.5,239.5
236.0,238.0
233.5,238.5
217.0,238.5
219.0,238.5
218.5,239.5
219.5,240.5
220.0,237.5
215.5,239.0
217.0,238.5
210.0,239.5
212.5,240.0
209.0,240.0
211.0,239.5
209.0,242.0
209.5,242.0
204.5,240.0
204.0,242.0
202.0,241.5
198.5,239.5
198.0,242.0
201.0,241.0
198.5,241.5
198.0,241.5
201.0,242.0
200.0,241.0
204.5,241.0
205.5,241.5
208.0,240.5
213.0,242.0
210.5,242.5
216.5,242.5
217.0,242.5
224.0,243.5
227.5,243.5
231.5,243.5
230.5,243.5
233.0,245.0
236.0,246.5
238.0,246.5
242.5,246.5
242.0,248.0
243.0,246.5
242.5,247.0
248.5,246.0
250.0,246.0
254.0,247.0
259.0,245.0
257.5,244.5
263.0,243.0
265.0,243.0
266.0,242.5
265.5,242.5
265.5,243.0
267.0,243.5
268.5,243.5
276.0,243.0
279.0,241.5
280.0,242.0
282.5,242.0
285.0,242.0
283.5,242.0
293.5,240.5
292.5,242.0
295.5,242.0
302.5,241.5
302.0,242.0
303.0,243.0
309.5,242.5
315.5,243.0
319.0,244.5
323.5,244.0
320.0,246.0
337.0,245.5
340.5,247.0
345.5,247.0
347.5,247.5
350.5,246.5
352.5,246.5
360.5,246.0
369.0,247.0
367.0,246.0
376.0,246.5
379.0,246.0
379.0,246.5
381.5,246.0
394.0,246.0
384.5,247.0
394.0,245.5
391.5,246.5
397.0,245.5
403.0,247.0
404.0,246.0
405.0,246.0
410.0,246.0
415.5,245.0
419.5,245.5
422.5,244.0
428.5,245.0
431.0,245.5
434.0,245.5
435.0,246.5
442.0,246.5
440.0,247.0
446.0,247.5
446.5,248.0
453.5,250.0
451.0,249.5
451.0,251.0
451.0,250.5
456.0,250.5
460.0,249.5
462.5,250.0
463.5,248.5
465.0,250.0
470.0,249.0
474.5,248.0
482.5,247.5
486.0,247.0
492.0,248.5
493.5,250.0
502.0,250.5
511.0,249.5
513.5,248.5
521.0,247.5
521.0,250.5
526.5,251.0
530.0,249.5
533.0,250.5
532.5,248.0
534.0,248.5
536.0,247.0
539.0,248.0
541.5,248.0
542.0,247.5
544.0,249.0
548.5,250.0
553.0,248.5
553.0,247.5
550.5,246.5
556.5,248.5
557.0,249.5
562.0,251.0
560.0,250.5
568.0,250.5
570.5,251.0
571.0,249.5
571.5,249.5
575.5,249.0
574.5,249.0
573.5,250.0
580.5,249.0
580.0,249.5
581.5,249.5
582.5,248.5
580.5,248.5
578.0,250.5
576.5,250.5
576.5,252.0
576.5,249.5
572.5,251.5
566.0,249.5
564.5,247.5
569.0,248.0
564.5,247.0
568.5,248.5
571.5,248.0
558.5,247.0
548.5,249.5
530.0,248.5
523.0,251.0
522.5,248.5
523.5,249.0
527.0,248.5
535.0,247.5
535.0,250.0
536.5,248.0
536.0,249.0
539.0,249.0
537.0,249.5
537.0,248.0
538.0,246.5
537.0,248.0
542.0,249.0
537.0,247.5
537.0,249.5
540.0,251.0
539.5,251.5
539.0,251.0
542.5,251.0
544.0,252.0
543.0,251.0
545.0,250.0
549.5,249.0
550.0,250.0
558.0,251.5
559.5,252.0
566.0,252.5
564.5,255.0
573.0,252.5
570.0,253.5
576.5,251.0
573.0,253.0
579.5,253.0
578.5,253.0
584.0,251.0
582.5,253.0
586.0,252.5
588.5,251.5
590.0,252.0
593.5,252.5
596.0,252.5
600.0,251.0
597.0,252.5
602.5,251.5
598.0,252.0
601.5,251.0
599.5,252.5
602.0,250.0
600.5,251.5
597.5,250.5
597.5,252.0
591.0,252.5
591.5,251.0
587.0,252.5
586.5,250.5
583.0,250.0
583.0,249.5
581.5,249.0
580.0,249.0
579.5,249.5
577.0,248.5
573.5,249.5
570.0,247.5
569.5,248.5
570.0,248.0
567.5,249.5
566.0,247.0
566.5,249.0
564.0,246.0
563.5,248.5
560.0,248.5
558.0,243.5
552.5,242.5
547.5,243.5
544.0,243.0
543.5,241.5
542.0,242.0
540.5,241.5
538.5,240.5
536.0,240.0
535.5,240.0
535.0,241.0
535.0,241.5
530.5,240.0
525.5,240.5
527.0,239.0
522.5,242.0
524.0,240.0
516.5,241.5
517.0,241.5
512.5,241.0
512.0,240.0
506.5,238.0
503.5,236.0
496.0,235.0
488.0,234.0
489.5,233.5
485.5,232.0
480.5,233.5
468.0,233.0
475.0,233.5
480.0,229.5
485.0,231.5
485.5,231.0
485.5,231.5
487.5,232.5
491.5,232.0
495.0,233.0
500.5,233.5
512.0,235.0
525.0,234.5
538.5,237.5
536.5,236.5
537.5,237.0
542.5,237.0
547.5,236.5
557.5,238.0
559.5,236.5
557.0,235.0
559.0,234.5
556.0,236.0
562.0,235.0
556.5,236.0
555.0,235.0
556.0,235.5
556.0,235.5
554.5,235.5
550.0,234.5
541.5,234.0
543.0,234.0
538.5,235.5
539.0,234.0
533.5,233.0
534.0,233.5
531.0,232.0
528.0,233.0
518.0,233.5
515.5,230.0
510.5,231.0
511.0,230.5
505.5,230.5
506.5,229.5
502.5,227.5
502.5,229.0
494.5,228.0
498.0,230.0
490.0,229.5
491.0,229.5
487.5,231.5
484.5,230.5
481.5,231.5
475.0,233.5
465.0,234.0
462.0,233.5
460.0,233.5
456.5,232.5
454.0,232.0
449.5,231.5
451.0,231.5
445.5,231.0
442.0,229.5
434.5,230.0
435.5,230.0
434.0,229.5
432.0,230.5
430.5,231.0
428.0,229.0
425.5,229.0
419.0,230.5
413.5,232.5
419.0,231.0
408.5,231.0
408.0,231.0
401.0,230.5
397.5,230.0
392.0,229.5
386.5,230.5
383.0,226.0
378.0,229.0
375.0,227.5
375.5,227.5
371.5,227.5
367.5,227.5
366.5,227.5
359.5,227.0
357.5,227.5
357.5,227.5
356.0,227.5
348.5,228.5
352.5,227.0
341.5,228.0
340.0,227.5
334.5,228.0
332.5,228.0
323.5,229.5
322.0,229.0
319.5,228.0
315.0,229.0
316.0,229.5
314.0,229.0
313.5,228.5
306.5,229.0
307.0,228.0
296.0,226.0
297.0,226.0
291.5,226.5
294.0,226.0
285.5,226.0
282.5,226.5
274.5,227.0
270.0,227.0
263.5,224.5
260.0,225.5
252.0,224.0
248.0,224.0
243.0,223.0
238.5,222.0
233.5,223.0
234.5,224.0
235.0,222.5
230.0,222.0
231.0,222.5
231.0,221.0
224.0,222.0
222.0,225.5
216.0,224.0
217.5,222.5
216.5,223.0
216.0,222.0
216.5,221.5
214.5,221.5
212.0,221.0
205.5,222.0
200.5,219.5
200.0,220.5
195.5,218.5
187.5,220.5
185.0,220.0
180.0,220.0
176.0,220.5
174.0,220.5
176.5,221.0
173.5,222.0
171.0,220.5
171.0,221.5
168.5,220.0
167.0,221.0
166.5,220.0
167.0,221.0
168.5,220.5
168.5,220.5
170.0,220.5
170.5,219.0
172.5,218.0
175.0,219.5
180.0,220.0
180.0,221.0
183.0,219.5
186.5,221.0
195.0,221.5
196.0,219.5
196.5,221.5
200.5,221.0
207.0,221.0
208.5,221.0
211.5,220.0
219.0,218.0
217.0,219.0
225.5,216.0
230.0,217.0
233.0,216.0
235.0,216.0
240.5,215.5
243.5,215.5
242.0,216.0
252.5,215.5
251.5,214.5
524.0,192.0
528.0,194.0
529.5,189.5
533.0,190.5
537.0,187.5
541.0,185.5
539.5,182.0
537.5,175.5
533.5,170.0
526.5,162.5
521.5,159.5
511.5,155.5
505.5,152.5
498.5,153.0
497.5,152.5
493.5,152.0
478.5,149.5
469.0,151.5
462.5,148.5
458.5,146.5
452.5,148.0
447.5,149.0
431.5,154.5
422.5,151.5
409.0,148.0
401.5,147.0
393.5,149.5
388.0,151.5
370.5,148.5
365.5,146.5
355.5,148.5
350.0,150.0
342.5,148.5
331.5,151.0
319.0,152.5
310.5,147.0
304.5,146.0
297.0,146.0
286.5,146.0
279.5,145.0
270.0,145.0
265.5,143.0
260.5,145.5
257.5,145.5
250.5,145.0
246.0,146.5
233.5,145.0
226.5,145.0
221.0,145.5
217.5,145.5
212.5,143.5
209.0,145.0
202.0,141.5
197.0,140.5
191.5,138.5
187.0,138.5
185.0,135.5
183.5,135.0
185.0,135.0
187.5,133.5
191.5,135.0
193.0,135.5
195.5,135.5
200.0,135.0
201.0,134.5
207.5,134.0
210.0,132.5
215.0,129.0
217.0,127.5
221.0,128.0
226.0,128.0
233.0,129.5
236.5,130.0
243.5,131.0
247.5,134.0
250.0,133.5
255.0,136.0
264.5,139.5
268.0,140.5
270.5,141.5
280.5,143.5
281.0,146.0
286.0,148.0
289.5,152.0
298.5,154.5
306.0,158.0
307.5,161.5
309.5,163.5
316.0,167.5
322.0,170.0
325.0,173.5
333.0,178.0
336.0,181.5
343.5,185.5
346.0,186.5
349.5,190.5
351.5,194.0
355.5,198.5
362.5,201.5
367.5,202.0
371.5,205.0
374.5,209.5
380.0,215.0
386.5,217.5
394.0,220.0
397.5,220.5
401.0,224.0
404.5,222.5
412.5,224.5
415.5,227.0
423.0,226.5
426.5,229.0
430.5,228.0
435.5,230.0
439.5,232.5
444.5,234.5
450.0,233.5
452.5,234.0
455.5,234.0
458.5,234.5
461.0,235.0
467.0,236.5
467.0,237.0
473.0,238.5
478.0,239.0
479.5,242.0
478.0,243.5
480.5,246.5
479.5,245.0
479.0,247.0
479.5,248.0
476.5,248.0
478.0,252.0
476.0,251.0
1064.5,484.0
1083.0,483.0
1094.5,474.5
1102.5,469.5
1114.0,470.0
1133.0,467.0
1143.5,466.0
1155.0,463.0
1168.0,462.5
1182.5,459.5
1193.5,458.5
1199.5,460.5
1205.0,459.5
1207.0,460.5
1215.5,459.5
1213.0,458.5
1209.5,460.5
1203.0,459.0
1200.5,461.0
1188.5,461.5
1181.0,463.0
1175.5,464.5
1166.5,467.0
1153.5,461.0
1156.5,462.5
1152.0,459.5
1155.0,464.0
1155.5,466.0
1145.0,469.5
1123.5,472.5
1117.0,465.5
1101.0,468.0
1085.0,475.0
1079.5,480.5
1072.0,488.0
1057.5,481.5
1051.0,488.0
1045.0,487.0
1021.0,487.5
999.0,491.5
983.5,491.5
940.5,496.5
907.5,502.5
894.0,505.5
876.0,498.5
867.5,496.5
869.5,512.5
895.5,529.0
896.0,529.5
893.5,530.0
1078.0,506.0
1081.5,484.5
1084.0,487.0
1087.0,488.5
1081.5,489.5
1084.0,492.0
1079.5,498.0
1081.5,499.5
1083.5,499.0
1087.0,499.5
1079.0,501.0
1076.0,497.0
1072.5,498.5
1066.5,498.5
1066.5,499.0
1055.0,498.0
1053.0,500.0
1043.0,499.5
1044.5,499.0
1048.0,499.5
1046.5,499.5
1045.0,498.5
1044.0,501.0
1034.5,499.0
1038.0,499.0
1037.0,499.0
1034.5,498.0
1032.5,498.0
1030.5,494.5
1030.0,496.5
1027.5,495.5
1026.5,493.5
1026.5,494.5
1053.5,525.0
1051.0,519.5
1055.5,514.5
1050.5,515.0
1044.5,527.5
1046.0,525.5
1042.5,528.0
1037.5,527.0
1035.5,528.5
1040.0,525.5
1044.5,529.5
1046.0,532.5
1049.5,533.0
1049.5,536.0
1049.5,536.0
1049.5,536.0
1051.0,537.0
1050.0,537.0
1049.5,537.0
1046.0,537.5
1047.0,536.5
1046.0,537.0
1047.5,537.0
1047.0,535.0
1044.5,536.0
1043.5,535.5
1045.0,536.0
1045.5,537.5
1043.0,536.0
1040.5,538.5
1040.0,535.5
1073.5,477.5
1092.0,469.5
1103.5,468.5
1106.5,464.5
1121.0,465.5
1144.5,462.5
1147.0,462.0
1162.5,457.5
1171.5,459.0
1186.0,454.0
1199.5,452.5
1207.0,453.5
1210.0,454.5
1211.5,455.5
1218.0,456.0
1214.0,455.5
1211.5,456.5
1204.5,456.0
1204.0,456.5
1192.5,461.0
1183.0,459.5
1176.5,464.0
1167.5,464.5
1157.5,460.5
1160.5,460.5
1154.0,456.0
1158.0,459.0
1157.5,459.0
1151.5,462.0
1129.5,467.5
1120.0,461.5
1103.5,468.0
1092.5,474.0
1078.5,480.5
1077.0,484.5
1062.0,479.0
1061.0,485.0
1044.0,481.5
1020.5,485.0
1001.5,482.5
980.5,486.0
940.0,490.0
910.0,497.5
896.0,500.5
890.0,488.5
878.5,489.5
890.0,506.0
890.0,520.0
901.0,520.5
913.0,526.5
1090.0,471.0
1094.0,466.5
1098.0,463.0
1103.0,489.0
1102.5,486.0
1102.0,489.5
1101.0,495.0
1099.0,498.0
1104.5,497.5
1106.5,497.0
1097.5,496.5
1103.5,496.5
1087.5,491.5
1092.0,494.5
1096.0,493.5
1089.0,491.5
1092.0,493.0
1088.0,492.0
1086.5,492.5
1084.0,493.5
1080.5,493.0
1081.0,493.5
1080.0,494.0
1061.0,491.5
1073.5,496.0
1066.5,494.5
1056.0,494.0
1060.0,494.0
1061.0,493.5
1050.0,493.0
1038.0,490.0
1041.5,493.0
1030.5,492.0
1031.0,493.5
1034.0,493.0
1023.0,491.0
1025.0,492.5
1016.0,494.0
1007.5,489.5
1014.0,493.0
960.0,485.5
956.5,465.0
927.0,444.5
983.5,457.5
994.5,459.0
1022.5,452.0
1030.5,448.5
1034.5,446.5
1034.5,446.0
1042.0,452.5
1050.5,449.0
1065.5,443.0
1080.0,439.0
1086.0,437.5
1094.0,439.0
1112.5,438.5
1124.0,438.5
1145.5,431.0
1153.0,428.0
1162.0,430.0
1173.5,423.0
1180.0,421.5
1183.0,422.0
1184.0,422.5
1183.5,422.5
1185.0,422.5
1183.0,422.0
1176.0,423.0
1175.5,423.0
1165.5,430.0
1153.0,434.0
1151.5,437.5
1146.5,436.0
1146.5,437.0
1145.5,435.0
1149.0,431.5
1146.0,441.5
1141.5,437.0
1131.5,438.0
1117.0,437.5
1097.0,445.5
1084.5,446.5
1077.0,449.5
1070.5,448.0
1063.0,456.0
1055.0,464.0
1044.5,460.5
1035.5,459.0
1027.5,466.0
1013.5,469.0
992.5,468.0
975.5,465.5
950.0,470.5
894.5,473.5
879.5,482.5
878.5,476.5
857.0,477.5
837.0,485.5
847.0,493.5
851.5,496.0
883.0,523.0
876.0,517.5
1061.0,491.0
1065.0,487.5
1069.0,505.0
1065.5,503.0
1069.0,505.0
1067.5,506.5
1067.0,502.0
1063.5,502.5
1059.5,501.0
1063.5,502.5
1066.0,502.5
1062.0,502.5
1065.0,505.0
1066.5,504.0
1064.0,503.0
1061.5,504.5
1059.5,504.0
1052.0,503.0
1044.5,505.0
1033.0,507.0
1037.0,507.5
1036.5,509.0
1033.0,514.0
1025.0,504.0
1026.0,517.0
1028.0,528.0
1016.0,535.5
994.5,428.5
991.0,394.5
987.0,381.0
1069.0,464.0
1090.0,464.0
1106.0,460.0
1115.5,453.0
1134.5,452.5
1158.0,451.5
1165.5,450.5
1167.5,448.5
1178.0,452.0
1190.0,448.5
1202.0,446.0
1209.5,447.5
1211.5,447.0
1212.0,447.5
1217.5,450.0
1217.5,449.0
1214.5,450.5
1209.0,451.0
1206.5,449.0
1193.5,452.5
1180.5,453.0
1176.5,455.0
1168.5,457.0
1158.5,455.0
1159.0,451.0
1157.0,451.0
1158.0,452.5
1155.5,453.5
1147.5,456.5
1125.0,458.5
1119.0,456.0
1106.0,459.0
1094.5,466.5
1089.0,466.5
1081.0,472.0
1072.5,464.5
1071.0,468.5
1059.0,470.0
1043.5,472.0
1027.0,472.0
1000.5,473.0
968.0,476.5
924.5,483.0
906.5,477.0
905.0,463.0
885.0,461.0
871.5,470.0
916.5,503.5
917.0,504.0
922.5,509.5
952.0,507.0
959.5,503.5
937.0,509.0
941.0,509.5
941.5,501.0
972.0,497.5
957.0,494.5
960.0,492.5
963.0,490.5
964.5,496.5
965.5,500.0
972.0,494.0
956.5,492.0
1111.5,490.5
1094.0,486.5
1097.0,488.0
1101.5,487.5
1085.5,484.0
1091.5,487.0
1095.5,487.0
1094.5,490.0
1098.5,489.0
1089.5,487.0
1094.0,488.5
1098.5,486.5
1096.0,488.5
1093.5,489.0
1097.0,489.5
1078.0,481.5
1084.0,482.5
1087.5,482.0
1073.0,480.0
1080.5,480.5
1083.0,483.0
1080.0,483.5
1081.0,483.0
1075.0,483.0
1072.0,484.0
1070.5,483.0
935.5,470.5
928.0,466.5
907.0,445.0
900.0,437.5
917.5,443.0
938.5,446.0
995.5,447.0
1016.5,436.5
1027.0,437.5
1035.0,437.0
1042.5,435.5
1050.5,434.5
1067.5,430.5
1087.0,427.5
1095.0,423.5
1104.0,427.0
1124.0,423.5
1140.5,426.5
1151.5,425.5
1161.0,420.0
1164.0,424.5
1174.5,416.5
1180.0,417.5
1182.5,417.0
1184.5,416.0
1183.0,414.0
1186.0,411.5
1182.0,416.5
1175.5,419.0
1174.5,416.5
1167.0,423.5
1155.5,425.0
1150.5,429.0
1146.5,427.5
1141.0,428.5
1142.5,428.0
1141.5,423.5
1142.5,430.0
1137.0,428.5
1128.0,431.5
1117.0,429.5
1100.0,435.5
1085.5,436.5
1085.5,440.0
1075.0,438.0
1068.0,446.5
1063.0,450.0
1053.5,449.0
1044.0,446.5
1042.0,454.5
1031.0,454.5
1008.0,452.0
985.0,451.0
968.0,457.5
914.0,463.5
888.0,465.5
875.5,454.0
873.5,448.5
857.0,459.0
839.0,460.5
853.5,467.5
903.0,508.5
905.5,507.0
909.5,509.0
1046.0,495.0
1070.5,498.0
1070.5,498.5
1068.5,497.0
1069.5,498.5
1067.5,498.0
1069.5,498.0
1067.0,497.0
1073.5,498.5
1073.5,498.0
1075.0,496.5
1076.0,497.5
1074.0,498.0
1073.0,497.5
1074.5,499.5
1071.0,498.5
1072.0,499.0
1069.0,503.0
1062.0,502.0
1055.0,500.5
1046.0,499.0
1052.5,510.5
992.0,384.0
969.0,361.0
996.5,360.0
985.5,367.0
971.5,365.0
977.5,367.0
972.0,363.0
537.5,414.5
538.0,416.5
532.5,422.5
533.0,419.0
521.0,413.5
516.5,418.5
524.5,420.0
537.5,415.0
556.0,409.5
559.0,406.0
560.0,405.5
558.5,404.0
565.5,400.0
566.0,398.5
562.5,396.5
564.0,392.5
566.0,389.5
565.5,389.5
572.5,385.5
571.5,382.0
573.0,384.5
572.0,383.0
571.5,382.0
571.5,382.0
573.0,381.0
573.0,378.0
571.5,376.5
572.0,375.0
570.5,372.5
572.0,372.0
570.5,373.5
570.0,374.5
567.0,372.0
569.0,381.0
567.5,376.5
568.0,373.5
563.5,371.0
566.0,381.0
566.5,377.5
566.0,374.0
564.0,372.0
564.5,381.0
564.5,377.0
566.0,374.0
561.5,371.5
564.5,381.5
562.0,377.0
560.5,375.5
561.5,376.5
559.5,378.5
556.5,378.5
555.0,378.0
559.0,380.0
561.5,380.5
567.0,382.5
566.5,379.5
562.0,381.5
559.0,382.0
559.5,377.5
563.5,377.0
556.5,369.5
566.5,369.0
569.0,367.5
547.5,377.5
536.5,375.5
536.0,378.5
547.0,388.5
542.5,394.5
544.5,394.0
545.5,395.0
555.5,401.0
549.5,401.0
572.5,402.5
572.0,406.5
581.0,405.5
585.0,408.0
583.5,407.0
591.5,410.5
577.0,405.0
592.5,403.0
631.5,409.0
634.5,405.5
709.5,409.0
718.0,407.5
735.5,403.5
738.5,404.5
759.5,408.5
765.5,410.0
770.5,407.5
772.0,410.0
806.0,406.5
789.0,405.0
799.0,402.0
814.0,399.5
849.5,390.5
859.0,386.5
869.0,385.0
868.0,385.0
876.0,382.5
877.5,383.0
884.0,379.0
886.5,377.5
899.5,378.5
899.5,378.0
907.0,374.5
911.5,375.5
915.0,372.0
913.5,372.5
921.0,373.5
921.5,371.0
933.5,369.0
941.5,368.0
951.5,371.5
950.5,373.5
960.0,368.0
966.0,366.0
972.5,362.5
972.0,362.0
974.5,362.5
976.0,363.5
988.5,358.0
988.5,361.0
994.5,357.0
994.5,359.0
996.0,356.0
996.0,355.5
996.0,356.0
996.5,357.5
996.5,357.5
996.5,356.5
997.0,356.0
998.0,355.5
996.5,357.5
994.0,358.5
991.5,358.5
991.5,359.5
989.0,360.0
988.0,358.5
980.0,364.5
983.0,362.5
974.0,367.0
974.0,365.5
971.0,367.0
967.5,368.0
969.0,367.5
967.5,367.0
970.5,366.5
965.5,367.5
967.0,366.0
967.5,366.5
973.0,364.0
971.0,367.5
968.5,369.5
970.0,368.5
966.0,366.0
962.0,367.0
956.5,369.5
954.5,370.5
944.5,367.5
944.0,369.5
931.0,373.0
931.0,374.5
918.5,374.0
919.0,374.0
905.0,376.0
901.5,382.0
898.5,383.0
897.5,385.0
893.0,384.0
892.0,388.0
886.0,390.5
885.5,392.0
883.5,390.0
881.5,389.0
871.0,384.0
869.5,385.0
865.5,393.0
863.0,392.0
853.0,390.0
861.5,392.0
828.0,394.0
818.5,393.0
803.5,394.0
792.0,390.5
780.5,396.0
773.0,395.5
747.5,400.0
738.5,402.0
729.5,403.0
729.5,402.5
725.5,401.5
726.5,405.0
709.0,408.5
707.0,408.0
687.5,412.5
690.0,415.5
679.5,420.5
671.5,418.5
616.5,411.0
598.0,409.5
572.5,419.5
565.0,416.0
558.5,417.5
563.5,418.5
541.0,439.5
540.5,435.0
530.5,438.5
530.0,436.0
514.0,438.0
511.0,441.5
495.5,439.0
468.5,446.5
394.0,457.5
386.0,454.0
358.0,455.5
362.0,455.0
339.5,459.5
336.5,458.0
330.0,464.5
339.0,463.0
316.0,465.5
308.5,474.0
275.5,470.5
247.5,476.5
253.0,473.5
237.0,478.5
220.5,488.5
219.5,487.0
219.0,475.0
220.5,472.5
236.5,464.5
241.5,462.5
281.0,459.0
324.0,454.0
331.5,442.0
339.0,428.5
350.0,412.0
344.5,429.5
347.0,447.5
345.5,438.5
305.0,433.0
300.5,429.5
336.0,424.0
346.5,413.0
345.5,446.0
344.5,446.5
327.5,458.0
324.5,461.0
327.0,462.5
329.0,461.0
330.5,457.5
331.0,457.0
328.5,457.0
326.0,458.0
336.5,456.0
340.5,462.0
351.0,450.0
352.0,456.0
365.0,452.0
363.0,453.0
373.0,449.0
369.5,446.0
382.5,445.0
382.0,445.5
411.5,440.0
413.0,440.0
431.0,437.5
440.5,436.0
481.0,429.0
486.5,433.5
510.0,431.5
523.5,428.0
532.5,428.0
538.0,426.5
557.5,423.5
566.0,423.5
580.5,419.0
584.0,419.0
590.0,420.5
588.5,419.0
602.0,419.0
613.5,420.0
616.0,417.0
617.0,421.0
669.5,421.0
695.5,418.0
716.5,410.5
717.5,415.5
746.0,407.0
747.5,410.5
768.5,411.5
767.5,409.0
763.0,411.5
775.5,410.5
794.0,407.5
793.0,402.5
824.5,399.0
852.0,397.5
858.0,389.5
860.5,385.0
871.5,387.0
871.0,388.5
884.5,382.5
880.5,386.0
889.5,380.0
888.0,384.0
901.5,383.0
902.0,380.0
909.5,377.0
911.0,377.0
914.0,373.5
915.0,373.5
923.5,378.0
922.5,374.5
942.0,374.5
947.5,373.0
953.5,374.0
952.5,375.0
967.5,370.0
967.0,369.0
976.0,368.0
976.5,367.5
981.0,367.0
980.5,366.0
992.0,362.5
992.0,364.0
993.0,362.5
993.0,361.0
996.0,359.0
996.5,358.5
996.5,359.5
995.5,358.5
997.5,358.0
998.5,360.5
999.5,358.5
997.5,358.5
995.5,361.0
997.0,359.5
992.0,362.5
992.5,362.5
989.5,362.5
990.0,361.0
983.5,367.0
986.0,364.5
977.5,367.5
974.5,367.0
971.0,370.0
969.5,370.0
969.0,369.5
969.5,369.0
972.0,369.5
970.0,368.5
969.0,367.5
970.0,369.5
970.0,371.5
972.0,368.0
970.5,372.5
970.5,371.5
965.0,369.5
965.5,368.0
957.0,372.5
956.0,375.0
946.0,371.0
945.0,373.0
931.5,375.5
933.5,377.5
923.0,378.5
923.5,378.5
908.5,382.0
908.0,385.5
899.0,385.5
901.5,387.5
895.5,391.5
897.5,389.5
889.0,396.5
889.0,396.5
887.5,392.5
884.0,393.0
872.0,392.0
872.5,392.0
870.5,400.0
869.0,396.5
868.5,398.0
868.5,400.5
848.0,400.5
832.0,398.5
819.5,399.5
808.0,399.5
778.0,402.0
772.5,402.5
740.0,409.0
739.5,407.5
736.5,416.5
737.0,415.5
731.0,414.5
729.5,417.0
714.5,413.5
713.5,419.0
697.5,427.0
699.5,429.0
668.5,426.0
669.5,428.5
617.0,429.5
596.0,427.0
577.0,433.0
568.5,429.5
568.0,430.5
568.5,430.5
525.5,416.0
528.0,419.5
519.5,418.0
518.0,423.0
507.0,417.5
495.5,425.0
539.0,414.0
549.0,407.5
554.5,405.5
560.5,408.0
555.5,401.0
554.5,399.0
563.5,396.5
561.0,396.0
556.0,392.5
551.5,387.0
562.5,387.5
561.5,386.0
569.5,384.5
566.0,383.0
565.5,382.5
566.0,381.0
566.0,379.5
566.0,377.5
566.0,376.0
566.0,377.0
565.5,375.5
565.5,377.5
565.0,374.0
564.0,375.0
563.0,374.0
563.5,374.5
562.0,373.5
561.5,374.5
561.5,372.5
560.5,374.5
559.5,372.5
558.5,373.0
559.0,373.0
559.0,374.0
559.5,373.0
558.5,373.0
559.0,374.5
558.5,373.0
557.0,372.0
557.5,373.5
556.5,372.5
555.5,372.0
552.5,372.5
553.5,373.5
552.5,373.0
551.0,372.5
550.5,374.0
552.5,374.0
552.5,377.5
554.0,376.5
554.5,377.5
555.5,376.0
555.5,374.0
556.5,372.5
552.0,368.5
561.0,368.0
567.5,367.0
570.5,365.0
538.5,367.5
540.0,371.0
537.5,383.5
536.0,386.0
534.5,391.5
529.0,390.0
538.5,395.5
541.0,395.5
558.5,399.0
567.0,401.0
570.5,401.0
570.5,400.0
584.5,403.0
591.0,400.0
620.0,403.0
614.0,402.5
666.5,400.5
690.0,406.5
710.0,406.5
713.0,410.0
734.5,408.5
735.5,408.0
761.0,412.0
760.5,411.5
758.5,409.5
780.5,415.0
792.5,397.0
799.5,400.5
807.5,400.5
837.5,396.0
855.5,392.0
859.0,391.0
864.0,386.0
868.0,387.5
876.0,384.0
876.0,384.5
884.0,379.5
885.0,378.0
893.5,379.0
896.0,380.0
903.5,376.5
906.0,375.5
908.5,372.0
906.5,372.5
912.5,372.5
918.0,374.0
933.5,369.5
934.5,368.5
943.0,370.0
944.0,371.5
954.5,369.0
957.5,366.5
969.5,365.0
969.5,363.5
975.5,361.5
976.0,362.5
987.5,361.5
988.0,360.5
993.0,358.5
994.0,359.0
995.0,358.0
995.5,357.5
995.0,357.0
996.0,358.0
996.5,357.0
996.5,357.5
995.0,357.0
994.0,357.0
992.0,359.0
994.5,360.5
989.0,359.5
988.5,360.5
987.5,360.5
985.0,360.0
982.0,366.0
982.0,364.5
972.5,367.0
972.0,365.5
967.5,368.5
966.5,366.5
966.5,369.5
965.5,370.0
965.0,366.5
971.5,368.0
969.0,365.0
968.5,366.0
972.5,364.5
971.0,368.5
969.0,371.5
968.5,371.0
965.0,367.5
964.0,369.0
955.5,370.0
956.0,371.0
947.0,367.5
942.5,369.5
930.0,373.0
929.0,378.5
915.0,377.5
917.5,376.0
903.0,376.5
897.5,382.5
893.0,385.0
894.0,386.0
886.0,387.0
889.0,386.5
882.5,391.0
879.5,393.0
875.0,393.0
874.5,394.0
867.0,390.0
863.5,386.0
859.5,389.0
863.0,388.5
850.5,390.0
846.0,389.5
817.0,390.0
816.0,394.0
796.0,395.0
786.0,395.0
774.5,397.5
764.0,398.0
732.5,399.5
733.0,398.0
723.5,400.0
723.0,402.5
718.5,397.5
718.5,396.5
700.5,399.0
698.0,403.5
669.5,419.0
667.0,411.5
660.0,417.0
650.0,416.0
590.0,413.0
572.5,409.5
555.5,419.5
549.0,415.0
549.5,415.5
553.5,417.5
508.5,275.5
507.5,277.5
505.5,280.0
512.0,292.5
512.0,296.0
519.5,299.5
523.5,300.0
524.5,297.5
526.0,292.5
530.0,291.0
525.0,289.0
528.5,285.0
529.5,286.5
528.0,282.5
527.5,280.5
524.0,279.5
519.0,278.5
513.5,276.5
510.0,274.0
507.5,276.0
506.0,281.5
505.5,284.5
507.0,286.0
518.5,296.5
519.0,298.0
523.0,298.0
522.0,300.0
523.5,300.0
523.5,296.5
523.5,295.0
525.0,292.5
524.0,294.5
523.5,293.5
520.5,296.0
527.0,289.5
526.0,285.0
525.5,282.0
524.0,280.0
520.5,279.0
516.0,279.5
512.5,276.5
510.0,277.0
509.5,280.0
508.5,283.0
510.5,286.5
512.0,291.5
512.0,291.0
513.0,292.5
519.0,291.5
521.0,291.0
521.5,291.0
523.0,290.0
519.5,289.5